Age,5K,5to10,10K,10to15,15K,15to20,20K,15toHalf,Half,Halfto25,25K,25to30,30K,30to35,35K,35to40,40K,Pace,40toEnd,Official Time
30,924,903,1827,917,2744,931,3675,1131,3875,744,4619,962,5581,918,6499,895,7394,298,404,7798
32,925,904,1829,915,2744,935,3679,1141,3885,735,4620,961,5581,957,6538,937,7475,303,453,7928
31,925,903,1828,916,2744,931,3675,1131,3875,744,4619,962,5581,940,6521,979,7500,304,455,7955
40,925,903,1828,916,2744,931,3675,1131,3875,744,4619,962,5581,951,6532,989,7521,304,444,7965
33,925,904,1829,915,2744,931,3675,1132,3876,744,4620,961,5581,965,6546,995,7541,305,455,7996
32,925,906,1831,932,2763,968,3731,1178,3941,759,4700,998,5698,1017,6715,975,7690,311,444,8134
32,924,903,1827,917,2744,931,3675,1132,3876,774,4650,1023,5673,1047,6720,1017,7737,314,470,8207
34,926,947,1873,957,2830,978,3808,1192,4022,772,4794,1005,5799,1036,6835,985,7820,316,440,8260
34,924,904,1828,916,2744,931,3675,1131,3875,753,4628,1029,5657,1053,6710,1088,7798,317,496,8294
32,983,984,1967,985,2952,997,3949,1211,4163,774,4937,994,5931,986,6917,957,7874,317,426,8300
32,924,903,1827,916,2743,932,3675,1132,3875,744,4619,985,5604,1088,6692,1152,7844,320,529,8373
30,998,1008,2006,997,3003,994,3997,1212,4215,784,4999,1010,6009,1031,7040,1034,8074,327,478,8552
31,988,1010,1998,997,2995,996,3991,1213,4208,785,4993,1019,6012,1048,7060,1054,8114,328,471,8585
36,991,987,1978,988,2966,995,3961,1214,4180,772,4952,1033,5985,1076,7061,1053,8114,328,478,8592
39,997,1012,2009,1011,3020,1019,4039,1242,4262,813,5075,1050,6125,1060,7185,996,8181,331,486,8667
37,964,981,1945,984,2929,1002,3931,1225,4154,933,5087,1046,6133,1062,7195,1047,8242,332,460,8702
36,1021,1009,2030,1015,3045,1022,4067,1245,4290,805,5095,1025,6120,1056,7176,1054,8230,333,476,8706
40,998,1009,2007,1008,3015,1029,4044,1254,4269,806,5075,1059,6134,1085,7219,1067,8286,335,474,8760
35,1027,1046,2073,1054,3127,1044,4171,1271,4398,800,5198,1030,6228,1058,7286,1071,8357,336,452,8809
34,978,1003,1981,1032,3013,1052,4065,1277,4290,824,5114,1085,6199,1077,7276,1061,8337,337,475,8812
32,950,970,1920,1000,2920,1027,3947,1250,4170,810,4980,1047,6027,1107,7134,1151,8285,337,533,8818
31,1046,1042,2088,1045,3133,1051,4184,1279,4412,823,5235,1063,6298,1060,7358,1026,8384,338,476,8860
30,1042,1024,2066,1045,3111,1042,4153,1270,4381,806,5187,1065,6252,1085,7337,1061,8398,339,467,8865
32,1044,1045,2089,1047,3136,1046,4182,1272,4408,824,5232,1059,6291,1076,7367,1056,8423,340,485,8908
37,1010,1037,2047,1053,3100,1065,4165,1297,4397,836,5233,1102,6335,1087,7422,1053,8475,341,444,8919
35,1034,1045,2079,1048,3127,1047,4174,1276,4403,828,5231,1059,6290,1084,7374,1072,8446,341,478,8924
37,1023,1037,2060,1043,3103,1054,4157,1289,4392,845,5237,1127,6364,1102,7466,1079,8545,344,474,9019
31,1025,1017,2042,1044,3086,1065,4151,1298,4384,847,5231,1091,6322,1111,7433,1133,8566,347,513,9079
33,990,989,1979,1007,2986,1042,4028,1269,4255,842,5097,1120,6217,1165,7382,1212,8594,348,523,9117
36,1083,1085,2168,1090,3258,1091,4349,1326,4584,836,5420,1092,6512,1110,7622,1052,8674,348,447,9121
30,1025,1012,2037,1017,3054,1028,4082,1254,4308,828,5136,1099,6235,1171,7406,1182,8588,349,538,9126
30,1077,1091,2168,1087,3255,1101,4356,1339,4594,868,5462,1086,6548,1097,7645,1034,8679,349,455,9134
40,1027,1020,2047,1046,3093,1057,4150,1283,4376,822,5198,1082,6280,1145,7425,1215,8640,350,526,9166
32,1036,1045,2081,1063,3144,1080,4224,1317,4461,855,5316,1126,6442,1135,7577,1119,8696,350,475,9171
31,1062,1068,2130,1070,3200,1076,4276,1308,4508,843,5351,1092,6443,1124,7567,1123,8690,351,493,9183
32,1021,1040,2061,1055,3116,1068,4184,1302,4418,844,5262,1106,6368,1140,7508,1173,8681,352,526,9207
36,1028,1046,2074,1062,3136,1091,4227,1330,4466,865,5331,1143,6474,1154,7628,1099,8727,352,498,9225
30,1072,1063,2135,1080,3215,1094,4309,1332,4547,858,5405,1118,6523,1128,7651,1104,8755,353,481,9236
30,1037,1044,2081,1050,3131,1052,4183,1281,4412,824,5236,1090,6326,1172,7498,1255,8753,353,488,9241
32,1019,1024,2043,1046,3089,1059,4148,1293,4382,835,5217,1101,6318,1205,7523,1197,8720,353,529,9249
31,1032,1033,2065,1057,3122,1077,4199,1308,4430,836,5266,1074,6340,1206,7546,1183,8729,354,533,9262
30,999,1009,2008,1007,3015,1022,4037,1247,4262,833,5095,1096,6191,1141,7332,1321,8653,354,617,9270
39,1076,1079,2155,1086,3241,1094,4335,1333,4574,852,5426,1109,6535,1147,7682,1134,8816,355,473,9289
33,1024,1034,2058,1055,3113,1049,4162,1277,4390,827,5217,1099,6316,1242,7558,1227,8785,356,530,9315
36,1079,1091,2170,1116,3286,1118,4404,1357,4643,861,5504,1134,6638,1137,7775,1068,8843,356,483,9326
39,1062,1067,2129,1071,3200,1082,4282,1318,4518,865,5383,1126,6509,1164,7673,1167,8840,357,501,9341
36,1094,1100,2194,1107,3301,1104,4405,1344,4645,867,5512,1109,6621,1122,7743,1122,8865,357,479,9344
40,1000,1033,2033,1054,3087,1097,4184,1336,4423,903,5326,1175,6501,1187,7688,1157,8845,357,513,9358
30,1065,1078,2143,1079,3222,1085,4307,1319,4541,856,5397,1122,6519,1169,7688,1158,8846,358,521,9367
30,1077,1098,2175,1115,3290,1092,4382,1327,4617,851,5468,1118,6586,1138,7724,1142,8866,358,519,9385
32,1063,1066,2129,1071,3200,1083,4283,1319,4519,865,5384,1125,6509,1165,7674,1209,8883,359,510,9393
36,1100,1106,2206,1108,3314,1108,4422,1348,4662,865,5527,1127,6654,1123,7777,1128,8905,359,495,9400
40,1094,1105,2199,1120,3319,1122,4441,1366,4685,878,5563,1127,6690,1137,7827,1112,8939,359,468,9407
32,1048,1046,2094,1062,3156,1073,4229,1307,4463,882,5345,1145,6490,1186,7676,1215,8891,359,517,9408
36,1020,1010,2030,1016,3046,1027,4073,1253,4299,842,5141,1102,6243,1215,7458,1360,8818,360,599,9417
35,1032,1038,2070,1072,3142,1110,4252,1353,4495,887,5382,1158,6540,1183,7723,1170,8893,360,524,9417
35,1108,1082,2190,1112,3302,1136,4438,1390,4692,873,5565,1121,6686,1131,7817,1108,8925,360,495,9420
33,1134,1103,2237,1104,3341,1122,4463,1364,4705,879,5584,1134,6718,1116,7834,1100,8934,360,497,9431
31,1042,1085,2127,1125,3252,1137,4389,1379,4631,883,5514,1152,6666,1140,7806,1141,8947,361,505,9452
35,1103,1105,2208,1123,3331,1120,4451,1362,4693,878,5571,1139,6710,1150,7860,1135,8995,362,487,9482
34,1036,1044,2080,1064,3144,1103,4247,1341,4485,929,5414,1182,6596,1180,7776,1193,8969,362,516,9485
36,1098,1093,2191,1096,3287,1116,4403,1358,4645,876,5521,1152,6673,1173,7846,1152,8998,363,506,9504
30,1163,1128,2291,1126,3417,1119,4536,1364,4781,879,5660,1137,6797,1136,7933,1095,9028,363,478,9506
30,1084,1067,2151,1073,3224,1093,4317,1330,4554,851,5405,1230,6635,1246,7881,1148,9029,363,481,9510
33,1078,1101,2179,1114,3293,1115,4408,1362,4655,875,5530,1150,6680,1177,7857,1150,9007,364,517,9524
36,1048,1101,2149,1051,3200,1099,4299,1341,4541,872,5413,1270,6683,1168,7851,1171,9022,364,517,9539
36,1099,1085,2184,1093,3277,1114,4391,1357,4634,879,5513,1134,6647,1170,7817,1192,9009,365,544,9553
35,1069,1069,2138,1071,3209,1085,4294,1326,4535,985,5520,1170,6690,1192,7882,1172,9054,365,499,9553
36,1082,1088,2170,1104,3274,1121,4395,1363,4637,891,5528,1168,6696,1191,7887,1160,9047,365,509,9556
35,1074,1070,2144,1095,3239,1124,4363,1367,4606,885,5491,1181,6672,1215,7887,1155,9042,365,517,9559
30,1172,1126,2298,1139,3437,1139,4576,1385,4822,878,5700,1131,6831,1137,7968,1112,9080,365,489,9569
33,1148,1093,2241,1108,3349,1114,4463,1355,4704,871,5575,1134,6709,1155,7864,1175,9039,366,533,9572
37,1067,1075,2142,1100,3242,1111,4353,1354,4596,881,5477,1175,6652,1201,7853,1199,9052,366,543,9595
35,1109,1125,2234,1141,3375,1143,4518,1389,4764,899,5663,1159,6822,1148,7970,1122,9092,367,505,9597
35,1013,1022,2035,1067,3102,1120,4222,1372,4474,919,5393,1192,6585,1254,7839,1247,9086,367,518,9604
38,1080,1099,2179,1108,3287,1118,4405,1360,4647,902,5549,1159,6708,1181,7889,1184,9073,367,546,9619
40,1114,1115,2229,1132,3361,1132,4493,1370,4731,880,5611,1138,6749,1150,7899,1192,9091,368,541,9632
31,1161,1148,2309,1143,3452,1142,4594,1387,4839,887,5726,1128,6854,1134,7988,1130,9118,368,515,9633
37,1101,1124,2225,1137,3362,1146,4508,1392,4754,897,5651,1162,6813,1179,7992,1152,9144,368,492,9636
39,1087,1097,2184,1112,3296,1119,4415,1366,4662,891,5553,1162,6715,1198,7913,1204,9117,368,520,9637
38,1101,1096,2197,1101,3298,1114,4412,1358,4656,881,5537,1159,6696,1201,7897,1206,9103,368,542,9645
38,1080,1090,2170,1112,3282,1134,4416,1379,4661,910,5571,1190,6761,1203,7964,1177,9141,368,505,9646
32,1044,1037,2081,1048,3129,1093,4222,1330,4459,914,5373,1220,6593,1244,7837,1210,9047,368,601,9648
37,1041,1064,2105,1090,3195,1122,4317,1365,4560,903,5463,1187,6650,1250,7900,1216,9116,369,542,9658
35,1094,1082,2176,1106,3282,1112,4394,1353,4635,886,5521,1155,6676,1205,7881,1238,9119,369,544,9663
36,1105,1123,2228,1149,3377,1144,4521,1392,4769,892,5661,1169,6830,1167,7997,1165,9162,369,501,9663
34,1111,1123,2234,1122,3356,1126,4482,1368,4724,880,5604,1141,6745,1174,7919,1213,9132,369,543,9675
34,1121,1114,2235,1140,3375,1151,4526,1398,4773,906,5679,1175,6854,1179,8033,1156,9189,370,501,9690
33,1120,1132,2252,1131,3383,1158,4541,1411,4794,902,5696,1187,6883,1181,8064,1128,9192,370,499,9691
33,1105,1095,2200,1095,3295,1100,4395,1332,4627,855,5482,1156,6638,1217,7855,1262,9117,370,578,9695
40,1077,1102,2179,1133,3312,1160,4472,1406,4718,911,5629,1170,6799,1190,7989,1191,9180,370,519,9699
40,1022,1025,2047,1046,3093,1058,4151,1289,4382,881,5263,1241,6504,1310,7814,1314,9128,371,576,9704
31,1154,1113,2267,1139,3406,1145,4551,1394,4800,886,5686,1151,6837,1159,7996,1184,9180,371,538,9718
30,1110,1102,2212,1108,3320,1158,4478,1406,4726,915,5641,1180,6821,1233,8054,1186,9240,372,493,9733
38,1091,1129,2220,Err:520,Err:520,Err:520,4483,Err:520,4730,899,5629,1170,6799,1200,7999,1207,9206,372,531,9737
30,1142,1158,2300,1164,3464,1157,4621,1408,4872,895,5767,1157,6924,1172,8096,1158,9254,372,484,9738
34,1118,1107,2225,1120,3345,1136,4481,1383,4728,896,5624,1180,6804,1193,7997,1200,9197,372,545,9742
32,1044,1090,2134,1124,3258,1159,4417,1408,4666,916,5582,1187,6769,1204,7973,1216,9189,372,556,9745
30,1091,1054,2145,1090,3235,1126,4361,1365,4600,883,5483,1214,6697,1255,7952,1243,9195,372,558,9753
31,1099,1116,2215,1122,3337,1133,4470,1380,4717,887,5604,1181,6785,1217,8002,1218,9220,373,534,9754
32,1047,1068,2115,1083,3198,1142,4340,1390,4588,925,5513,1199,6712,1275,7987,1243,9230,373,527,9757
40,1071,1104,2175,1126,3301,1159,4460,1409,4710,924,5634,1214,6848,1211,8059,1204,9263,373,499,9762
34,1110,1101,2211,1107,3318,1125,4443,1370,4688,902,5590,1184,6774,1244,8018,1215,9233,373,530,9763
39,1119,1124,2243,1130,3373,1131,4504,1374,4747,889,5636,1173,6809,1210,8019,1203,9222,373,546,9768
39,1139,1117,2256,1133,3389,1164,4553,1417,4806,916,5722,1175,6897,1185,8082,1173,9255,373,521,9776
30,1098,1067,2165,1078,3243,1092,4335,1328,4571,868,5439,1167,6606,1267,7873,1303,9176,373,600,9776
39,1134,1132,2266,1129,3395,1139,4534,1385,4780,896,5676,1170,6846,1187,8033,1194,9227,373,549,9776
37,1102,1099,2201,1123,3324,1143,4467,1391,4715,946,5661,1196,6857,1206,8063,1185,9248,373,531,9779
38,1136,1164,2300,1158,3458,1163,4621,1415,4873,909,5782,1174,6956,1175,8131,1155,9286,374,496,9782
35,1193,1162,2355,1149,3504,1145,4649,1392,4896,896,5792,1153,6945,1159,8104,1172,9276,374,513,9789
34,1118,1109,2227,1118,3345,1136,4481,1383,4728,897,5625,1182,6807,1266,8073,1194,9267,374,527,9794
34,1046,1044,2090,1050,3140,1074,4214,1313,4453,893,5346,1186,6532,1256,7788,1359,9147,374,647,9794
32,1127,1121,2248,1134,3382,1145,4527,1397,4779,916,5695,1200,6895,1195,8090,1199,9289,374,512,9801
36,1043,1054,2097,1078,3175,1118,4293,1361,4536,897,5433,1224,6657,1264,7921,1311,9232,374,569,9801
34,1150,1144,2294,1155,3449,1160,4609,1417,4866,901,5767,1153,6920,1167,8087,1192,9279,374,524,9803
35,1125,1144,2269,1157,3426,1163,4589,1419,4845,913,5758,1200,6958,1201,8159,1158,9317,375,494,9811
35,1173,1157,2330,1155,3485,1165,4650,1418,4903,915,5818,1193,7011,1192,8203,1134,9337,375,478,9815
37,1141,1137,2278,1137,3415,1140,4555,1386,4801,897,5698,1199,6897,1205,8102,1185,9287,375,538,9825
30,1046,1044,2090,1070,3160,1098,4258,1340,4500,898,5398,1188,6586,1278,7864,1359,9223,375,604,9827
30,1083,1082,2165,1085,3250,1091,4341,1326,4576,872,5448,1141,6589,1215,7804,1446,9250,375,582,9832
38,1144,1138,2282,1137,3419,1130,4549,1371,4790,880,5670,1173,6843,1211,8054,1217,9271,376,562,9833
35,1157,1162,2319,1155,3474,1151,4625,1401,4875,904,5779,1182,6961,1184,8145,1171,9316,376,518,9834
33,1064,1104,2168,1115,3283,1141,4424,1386,4669,903,5572,1208,6780,1246,8026,1282,9308,376,530,9838
34,1114,1082,2196,1115,3311,1143,4454,1392,4703,922,5625,1224,6849,1245,8094,1220,9314,376,525,9839
30,1089,1080,2169,1097,3266,1125,4391,1368,4634,885,5519,1172,6691,1200,7891,1317,9208,376,638,9846
34,1096,1101,2197,1109,3306,1121,4427,1365,4671,915,5586,1235,6821,1255,8076,1244,9320,376,531,9851
31,1157,1160,2317,1157,3474,1160,4634,1413,4887,918,5805,1196,7001,1189,8190,1163,9353,377,512,9865
37,1185,1166,2351,1168,3519,1175,4694,1431,4950,894,5844,1184,7028,1188,8216,1165,9381,377,490,9871
36,1166,1154,2320,1157,3477,1156,4633,1411,4888,897,5785,1164,6949,1197,8146,1202,9348,377,524,9872
32,1110,1114,2224,1117,3341,1133,4474,1379,4720,903,5623,1216,6839,1268,8107,1257,9364,377,510,9874
37,1113,1111,2224,1140,3364,1156,4520,1406,4770,906,5676,1203,6879,1245,8124,1219,9343,377,532,9875
39,1085,1112,2197,1122,3319,1132,4451,1374,4693,898,5591,1212,6803,1299,8102,1254,9356,377,523,9879
32,1116,1126,2242,1123,3365,1140,4505,1390,4755,909,5664,1204,6868,1259,8127,1228,9355,377,529,9884
31,1166,1158,2324,1154,3478,1159,4637,1410,4888,910,5798,1189,6987,1180,8167,1195,9362,378,530,9892
36,1174,1158,2332,1133,3465,1155,4620,1405,4870,922,5792,1189,6981,1215,8196,1171,9367,378,526,9893
34,1135,1157,2292,1176,3468,1186,4654,1443,4911,933,5844,1203,7047,1205,8252,1149,9401,378,494,9895
36,1112,1107,2219,1144,3363,1153,4516,1405,4768,918,5686,1209,6895,1243,8138,1216,9354,378,546,9900
31,1089,1114,2203,1131,3334,1179,4513,1431,4765,937,5702,1223,6925,1264,8189,1222,9411,378,494,9905
35,1117,1121,2238,1153,3391,1147,4538,1396,4787,918,5705,1181,6886,1242,8128,1249,9377,379,535,9912
37,1075,1096,2171,1103,3274,1150,4424,1406,4680,936,5616,1246,6862,1302,8164,1239,9403,379,511,9914
39,1122,1135,2257,1156,3413,1178,4591,1436,4849,926,5775,1216,6991,1222,8213,1172,9385,379,531,9916
32,1164,1165,2329,1181,3510,1180,4690,1437,4947,929,5876,1184,7060,1199,8259,1159,9418,379,504,9922
35,1112,1127,2239,1157,3396,1168,4564,1422,4818,915,5733,1204,6937,1218,8155,1216,9371,379,551,9922
34,1168,1185,2353,1182,3535,1175,4710,1432,4967,924,5891,1179,7070,1187,8257,1152,9409,379,515,9924
32,1061,1067,2128,1071,3199,1102,4301,1352,4551,941,5492,1274,6766,1305,8071,1293,9364,379,560,9924
30,1117,1097,2214,1117,3331,1139,4470,1388,4719,918,5637,1197,6834,1263,8097,1266,9363,379,562,9925
30,1146,1168,2314,1163,3477,1171,4648,1425,4902,913,5815,1199,7014,1216,8230,1174,9404,379,523,9927
31,1196,1139,2335,1146,3481,1148,4629,1398,4879,910,5789,1169,6958,1181,8139,1255,9394,379,537,9931
35,1139,1140,2279,1159,3438,1177,4615,1432,4870,916,5786,1200,6986,1207,8193,1201,9394,379,541,9935
32,1133,1122,2255,1129,3384,1148,4532,1398,4782,907,5689,1209,6898,1246,8144,1253,9397,380,540,9937
39,1113,1158,2271,1174,3445,1180,4625,1433,4878,920,5798,1206,7004,1218,8222,1181,9403,380,540,9943
32,1124,1148,2272,1162,3434,1171,4605,1427,4861,919,5780,1211,6991,1238,8229,1177,9406,380,538,9944
30,1096,1145,2241,1165,3406,1182,4588,1436,4842,924,5766,1206,6972,1260,8232,1216,9448,380,496,9944
39,1131,1139,2270,1160,3430,1177,4607,1432,4862,922,5784,1210,6994,1240,8234,1204,9438,380,507,9945
40,1129,1127,2256,1126,3382,1152,4534,1402,4784,916,5700,1214,6914,1229,8143,1242,9385,380,564,9949
32,1178,1167,2345,1168,3513,1178,4691,1430,4943,895,5838,1183,7021,1202,8223,1197,9420,380,532,9952
31,1126,1138,2264,1142,3406,1170,4576,1420,4826,939,5765,1216,6981,1255,8236,1211,9447,380,513,9960
31,1125,1133,2258,1153,3411,1169,4580,1419,4830,913,5743,1236,6979,1265,8244,1199,9443,380,518,9961
38,1098,1131,2229,1156,3385,1166,4551,1420,4805,920,5725,1197,6922,1227,8149,1228,9377,381,592,9969
40,1034,1046,2080,1076,3156,1132,4288,1383,4539,915,5454,1233,6687,1288,7975,1383,9358,381,613,9971
33,1075,1098,2173,1124,3297,1148,4445,1399,4696,919,5615,1211,6826,1267,8093,1307,9400,381,575,9975
33,1176,1153,2329,1158,3487,1169,4656,1419,4906,908,5814,1183,6997,1227,8224,1201,9425,381,555,9980
32,1100,1099,2199,1114,3313,1139,4452,1387,4700,916,5616,1238,6854,1290,8144,1272,9416,381,565,9981
32,1154,1157,2311,1169,3480,1185,4665,1441,4921,934,5855,1215,7070,1215,8285,1181,9466,381,522,9988
35,1199,1177,2376,1167,3543,1182,4725,1439,4982,913,5895,1168,7063,1192,8255,1204,9459,382,533,9992
39,1174,1158,2332,1133,3465,1133,4598,1382,4847,895,5742,1167,6909,1244,8153,1282,9435,382,560,9995
35,1023,1025,2048,1065,3113,1108,4221,1353,4466,912,5378,1264,6642,1400,8042,1349,9391,382,604,9995
36,1130,1148,2278,1167,3445,1177,4622,1434,4879,922,5801,1188,6989,1220,8209,1255,9464,382,543,10007
32,1208,1181,2389,1176,3565,1178,4743,1421,4986,891,5877,1195,7072,1230,8302,1181,9483,382,525,10008
33,1229,1217,2446,1194,3640,1207,4847,1468,5108,924,6032,1197,7229,1162,8391,1118,9509,382,503,10012
40,1141,1146,2287,1153,3440,1168,4608,1423,4863,920,5783,1197,6980,1210,8190,1235,9425,383,594,10019
33,1158,1171,2329,1196,3525,1225,4750,1485,5010,936,5946,1199,7145,1201,8346,1159,9505,383,517,10022
33,1108,1165,2273,1126,3399,1195,4594,1453,4852,956,5808,1261,7069,1305,8374,1146,9520,383,503,10023
33,1145,1118,2263,1115,3378,1129,4507,1369,4747,893,5640,1202,6842,1261,8103,1296,9399,383,624,10023
38,1088,1093,2181,1104,3285,1121,4406,1362,4647,950,5597,1204,6801,1278,8079,1372,9451,383,575,10026
36,1123,1137,2260,1134,3394,1128,4522,1373,4767,890,5657,1160,6817,1218,8035,1362,9397,383,629,10026
36,1191,1171,2362,1174,3536,1188,4724,1443,4979,918,5897,1189,7086,1190,8276,1201,9477,383,550,10027
32,1074,1076,2150,1085,3235,1079,4314,1312,4547,849,5396,1149,6545,1400,7945,1478,9423,383,605,10028
33,1146,1131,2277,1137,3414,1154,4568,1408,4822,905,5727,1176,6903,1222,8125,1275,9400,383,634,10034
33,1136,1137,2273,1157,3430,1168,4598,1419,4849,920,5769,1232,7001,1226,8227,1241,9468,383,567,10035
34,1061,1058,2119,1090,3209,1159,4368,1411,4620,944,5564,1273,6837,1336,8173,1331,9504,383,537,10041
37,1164,1184,2348,1181,3529,1174,4703,1430,4959,914,5873,1180,7053,1204,8257,1226,9483,384,565,10048
34,1165,1163,2328,1172,3500,1175,4675,1434,4934,1016,5950,1185,7135,1215,8350,1182,9532,384,518,10050
38,1211,1183,2394,1187,3581,1195,4776,1457,5038,938,5976,1182,7158,1183,8341,1175,9516,384,534,10050
37,1152,1154,2306,1180,3486,1145,4631,1391,4877,873,5750,1169,6919,1220,8139,1310,9449,384,602,10051
40,1098,1077,2175,1098,3273,1125,4398,1366,4639,888,5527,1204,6731,1358,8089,1368,9457,384,596,10053
36,1143,1155,2298,1160,3458,1177,4635,1433,4891,921,5812,1203,7015,1233,8248,1243,9491,384,565,10056
30,1068,1093,2161,1108,3269,1132,4401,1379,4648,925,5573,1226,6799,1257,8056,1406,9462,384,600,10062
32,1142,1133,2275,1157,3432,1179,4611,1432,4864,925,5789,1212,7001,1259,8260,1247,9507,384,556,10063
36,1141,1137,2278,1167,3445,1181,4626,1440,4885,923,5808,1191,6999,1254,8253,1245,9498,384,566,10064
31,1192,1190,2382,1186,3568,1181,4749,1442,5010,928,5938,1192,7130,1219,8349,1211,9560,384,504,10064
36,1119,1144,2263,1172,3435,1201,4636,1462,4897,939,5836,1200,7036,1224,8260,1247,9507,384,561,10068
39,1184,1178,2362,1177,3539,1184,4723,1441,4980,940,5920,1222,7142,1226,8368,1199,9567,385,509,10076
34,1149,1124,2273,1130,3403,1138,4541,1380,4783,902,5685,1208,6893,1317,8210,1311,9521,385,556,10077
40,1155,1157,2312,1166,3478,1171,4649,1426,4904,927,5831,1216,7047,1283,8330,1218,9548,385,531,10079
39,1081,1114,2195,1129,3324,1167,4491,1418,4742,943,5685,1255,6940,1320,8260,1309,9569,385,510,10079
40,1124,1154,2278,1171,3449,1180,4629,1441,4890,925,5815,1219,7034,1263,8297,1240,9537,385,542,10079
31,1047,1057,2104,1089,3193,1132,4325,1386,4579,926,5505,1236,6741,1378,8119,1377,9496,385,587,10083
32,1086,1145,2231,1185,3416,1210,4626,1471,4887,964,5851,1214,7065,1255,8320,1223,9543,385,540,10083
34,1121,1151,2272,1166,3438,1192,4630,1451,4889,931,5820,1229,7049,1261,8310,1239,9549,386,546,10095
32,1154,1161,2315,1162,3477,1175,4652,1434,4911,930,5841,1217,7058,1249,8307,1246,9553,386,554,10107
34,1182,1152,2334,1177,3511,1203,4714,1467,4978,945,5923,1225,7148,1229,8377,1215,9592,386,517,10109
35,1221,1194,2415,1176,3591,1192,4783,1453,5044,942,5986,1220,7206,1216,8422,1188,9610,386,502,10112
33,1127,1117,2244,1143,3387,1167,4554,1419,4806,935,5741,1237,6978,1294,8272,1298,9570,386,543,10113
32,1140,1120,2260,1133,3393,1134,4527,1379,4772,910,5682,1221,6903,1308,8211,1304,9515,386,600,10115
40,1143,1154,2297,1167,3464,1201,4665,1461,4925,954,5879,1237,7116,1242,8358,1204,9562,386,554,10116
31,1130,1135,2265,1150,3415,1166,4581,1413,4828,934,5762,1221,6983,1283,8266,1274,9540,386,577,10117
39,1198,1178,2376,1174,3550,1203,4753,1460,5010,942,5952,1218,7170,1229,8399,1198,9597,387,526,10123
30,1074,1108,2182,1164,3346,1248,4594,1516,4862,974,5836,1259,7095,1253,8348,1243,9591,387,534,10125
33,1198,1201,2399,1210,3609,1216,4825,1479,5088,943,6031,1221,7252,1209,8461,1168,9629,387,498,10127
33,1122,1148,2270,1170,3440,1182,4622,1441,4881,927,5808,1210,7018,1253,8271,1272,9543,387,585,10128
31,1221,1206,2427,1182,3609,1251,4860,1533,5142,928,6070,1158,7228,1174,8402,1159,9561,387,568,10129
33,1151,1142,2293,1152,3445,1161,4606,1423,4868,918,5786,1218,7004,1283,8287,1281,9568,387,565,10133
35,1140,1152,2292,1175,3467,1211,4678,1472,4939,961,5900,1236,7136,1258,8394,1202,9596,387,540,10136
31,1208,1180,2388,1177,3565,1188,4753,1449,5014,940,5954,1220,7174,1230,8404,1211,9615,387,524,10139
38,1190,1189,2379,1193,3572,1196,4768,1455,5027,929,5956,1192,7148,1219,8367,1222,9589,387,550,10139
40,1194,1203,2397,1207,3604,1213,4817,1475,5079,947,6026,1208,7234,1210,8444,1189,9633,387,507,10140
32,1143,1116,2259,1138,3397,1149,4546,1396,4793,916,5709,1260,6969,1293,8262,1318,9580,387,567,10147
30,998,1014,2012,1038,3050,1088,4138,1324,4374,908,5282,1362,6644,1306,7950,1624,9574,388,574,10148
37,1186,1148,2334,1163,3497,1154,4651,1402,4899,912,5811,1209,7020,1291,8311,1289,9600,388,555,10155
35,1223,1215,2438,1195,3633,1217,4850,1474,5107,947,6054,1214,7268,1215,8483,1183,9666,388,495,10161
30,1189,1197,2386,1199,3585,1205,4790,1464,5049,937,5986,1222,7208,1227,8435,1210,9645,388,516,10161
34,1230,1221,2451,1229,3680,1224,4904,1487,5167,930,6097,1184,7281,1199,8480,1176,9656,388,508,10164
38,1153,1196,2349,1194,3543,1188,4731,1437,4980,914,5894,1225,7119,1266,8385,1240,9625,388,539,10164
35,1251,1237,2488,1224,3712,1215,4927,1474,5186,944,6130,1212,7342,1211,8553,1130,9683,388,481,10164
31,1118,1133,2251,1138,3389,1151,4540,1401,4790,898,5688,1182,6870,1322,8192,1361,9553,388,614,10167
32,1168,1136,2304,1125,3429,1149,4578,1401,4830,920,5750,1231,6981,1290,8271,1311,9582,388,585,10167
37,1053,1085,2138,1096,3234,1119,4353,1358,4592,881,5473,1197,6670,1293,7963,1545,9508,388,660,10168
40,1158,1141,2299,1149,3448,1166,4614,1418,4866,921,5787,1223,7010,1275,8285,1295,9580,388,588,10168
32,1194,1205,2399,1208,3607,1223,4830,1480,5087,929,6016,1253,7269,1188,8457,1209,9666,388,504,10170
34,1123,1100,2223,1097,3320,1116,4436,1358,4678,895,5573,1220,6793,1327,8120,1424,9544,388,627,10171
30,1182,1141,2323,1167,3490,1179,4669,1442,4932,946,5878,1253,7131,1257,8388,1232,9620,388,551,10171
35,1188,1194,2382,1190,3572,1191,4763,1453,5025,932,5957,1219,7176,1227,8403,1218,9621,389,554,10175
30,1124,1108,2232,1111,3343,1204,4547,1464,4807,943,5750,1250,7000,1295,8295,1307,9602,389,577,10179
35,1242,1215,2457,1213,3670,1223,4893,1487,5157,952,6109,1232,7341,1202,8543,1152,9695,389,484,10179
38,1198,1196,2394,1192,3586,1194,4780,1461,5047,941,5988,1217,7205,1257,8462,1196,9658,389,522,10180
30,1152,1159,2311,1171,3482,1196,4678,1461,4943,961,5904,1247,7151,1242,8393,1253,9646,389,534,10180
39,1177,1174,2351,1177,3528,1186,4714,1448,4976,927,5903,1221,7124,1268,8392,1245,9637,389,545,10182
35,1204,1209,2413,1204,3617,1216,4833,1484,5101,966,6067,1272,7339,1202,8541,1154,9695,389,487,10182
35,1163,1161,2324,1165,3489,1166,4655,1417,4906,922,5828,1216,7044,1292,8336,1298,9634,389,549,10183
37,1157,1152,2309,1149,3458,1173,4631,1430,4888,929,5817,1235,7052,1296,8348,1283,9631,389,554,10185
35,1198,1172,2370,1166,3536,1160,4696,1414,4950,924,5874,1217,7091,1274,8365,1261,9626,389,561,10187
36,1132,1145,2277,1156,3433,1182,4615,1445,4878,927,5805,1252,7057,1288,8345,1287,9632,389,558,10190
39,1173,1184,2357,1183,3540,1184,4724,1441,4981,927,5908,1226,7134,1265,8399,1246,9645,390,555,10200
33,1139,1152,2291,1169,3460,1202,4662,1464,4924,951,5875,1250,7125,1263,8388,1250,9638,390,562,10200
30,1124,1127,2251,1172,3423,1192,4615,1449,4872,941,5813,1236,7049,1283,8332,1294,9626,390,575,10201
32,1208,1196,2404,1190,3594,1211,4805,1472,5066,948,6014,1224,7238,1234,8472,1216,9688,390,514,10202
32,1172,1144,2316,1172,3488,1193,4681,1449,4937,940,5877,1237,7114,1264,8378,1246,9624,390,580,10204
36,1201,1179,2380,1177,3557,1185,4742,1443,5000,929,5929,1216,7145,1259,8404,1255,9659,390,545,10204
34,1160,1167,2327,1186,3513,1181,4694,1436,4949,941,5890,1206,7096,1272,8368,1273,9641,390,564,10205
33,1116,1129,2245,1149,3394,1173,4567,1425,4819,934,5753,1227,6980,1306,8286,1336,9622,390,584,10206
36,1244,1158,2402,1151,3553,1168,4721,1422,4975,915,5890,1203,7093,1250,8343,1294,9637,390,575,10212
33,1204,1197,2401,1197,3598,1219,4817,1483,5081,956,6037,1229,7266,1233,8499,1210,9709,390,506,10215
33,1132,1182,2314,1183,3497,1215,4712,1477,4974,956,5930,1244,7174,1273,8447,1237,9684,390,536,10220
37,1180,1184,2364,1195,3559,1212,4771,1479,5038,944,5982,1209,7191,1251,8442,1251,9693,390,531,10224
38,1200,1202,2402,1195,3597,1211,4808,1475,5072,938,6010,1222,7232,1212,8444,1232,9676,391,554,10230
31,1179,1169,2348,1202,3550,1185,4735,1443,4993,938,5931,1209,7140,1253,8393,1289,9682,391,554,10236
36,1199,1195,2394,1197,3591,1205,4796,1468,5059,955,6014,1234,7248,1239,8487,1223,9710,391,531,10241
40,1196,1218,2414,1273,3687,1266,4953,1549,5236,961,6197,1228,7425,1228,8653,1105,9758,391,485,10243
35,1134,1154,2288,1171,3459,1170,4629,1427,4886,926,5812,1231,7043,1321,8364,1297,9661,391,582,10243
36,1201,1194,2395,1201,3596,1213,4809,1475,5071,947,6018,1234,7252,1230,8482,1223,9705,391,539,10244
35,1200,1228,2428,1224,3652,1212,4864,1477,5129,962,6091,1219,7310,1219,8529,1202,9731,391,514,10245
36,1096,1106,2202,1115,3317,1113,4430,1356,4673,882,5555,1212,6767,1409,8176,1422,9598,391,649,10247
33,1132,1157,2289,1172,3461,1193,4654,1451,4912,935,5847,1249,7096,1297,8393,1284,9677,391,570,10247
32,1179,1169,2348,1202,3550,1184,4734,1444,4994,936,5930,1223,7153,1254,8407,1272,9679,391,569,10248
38,1129,1139,2268,1149,3417,1157,4574,1409,4826,915,5741,1213,6954,1273,8227,1399,9626,391,623,10249
39,1227,1183,2410,1178,3588,1188,4776,1447,5035,932,5967,1236,7203,1276,8479,1231,9710,391,540,10250
34,1212,1200,2412,1186,3598,1197,4795,1454,5052,929,5981,1229,7210,1259,8469,1255,9724,392,532,10256
36,1223,1204,2427,1199,3626,1221,4847,1483,5109,946,6055,1228,7283,1221,8504,1200,9704,392,552,10256
33,1178,1175,2353,1176,3529,1186,4715,1449,4978,926,5904,1221,7125,1268,8393,1285,9678,392,580,10258
38,1124,1146,2270,1190,3460,1232,4692,1498,4958,959,5917,1265,7182,1287,8469,1259,9728,392,531,10259
37,1161,1171,2332,1201,3533,1213,4746,1475,5008,956,5964,1242,7206,1260,8466,1246,9712,392,548,10260
40,1139,1162,2301,1170,3471,1201,4672,1462,4933,943,5876,1293,7169,1304,8473,1239,9712,392,550,10262
31,1223,1198,2421,1235,3656,1218,4874,1482,5138,958,6096,1227,7323,1220,8543,1200,9743,392,520,10263
31,1009,1016,2025,1029,3054,1055,4109,1287,4341,861,5202,1222,6424,1661,8085,1542,9627,392,643,10270
39,1176,1177,2353,1181,3534,1195,4729,1454,4988,935,5923,1231,7154,1265,8419,1270,9689,392,581,10270
39,1134,1120,2254,1130,3384,1141,4525,1390,4774,912,5686,1206,6892,1268,8160,1404,9564,392,710,10274
32,1153,1162,2315,1162,3477,1177,4654,1429,4906,934,5840,1235,7075,1281,8356,1333,9689,392,586,10275
30,1108,1083,2191,1112,3303,1136,4439,1392,4695,1010,5705,1270,6975,1354,8329,1374,9703,392,574,10277
35,1161,1178,2339,1190,3529,1201,4730,1452,4981,940,5921,1225,7146,1273,8419,1320,9739,392,538,10277
32,1212,1212,2424,1207,3631,1209,4840,1468,5099,938,6037,1222,7259,1250,8509,1224,9733,392,545,10278
36,1098,1160,2258,1185,3443,1192,4635,1449,4892,922,5814,1250,7064,1257,8321,1340,9661,392,617,10278
31,1112,1126,2238,1178,3416,1212,4628,1467,4883,980,5863,1277,7140,1287,8427,1296,9723,393,557,10280
38,1124,1131,2255,1154,3409,1167,4576,1421,4830,920,5750,1221,6971,1303,8274,1370,9644,393,642,10286
31,1187,1193,2380,1210,3590,1220,4810,1484,5074,951,6025,1253,7278,1264,8542,1214,9756,393,532,10288
34,1207,1194,2401,1189,3590,1220,4810,1480,5070,956,6026,1232,7258,1308,8566,1207,9773,393,518,10291
37,1001,1043,2044,1115,3159,1191,4350,1453,4612,1006,5618,1312,6930,1408,8338,1388,9726,393,567,10293
31,1193,1196,2389,1199,3588,1219,4807,1477,5065,948,6013,1225,7238,1253,8491,1257,9748,393,550,10298
38,1046,1091,2137,1127,3264,1166,4430,1420,4684,950,5634,1298,6932,1428,8360,1342,9702,393,597,10299
37,1219,1204,2423,1201,3624,1199,4823,1457,5081,945,6026,1230,7256,1250,8506,1240,9746,393,558,10304
34,1206,1202,2408,1212,3620,1239,4859,1508,5128,968,6096,1238,7334,1246,8580,1194,9774,393,530,10304
38,1159,1165,2324,1189,3513,1214,4727,1482,4995,956,5951,1251,7202,1276,8478,1259,9737,394,568,10305
38,1184,1178,2362,1189,3551,1208,4759,1470,5021,949,5970,1242,7212,1261,8473,1266,9739,394,569,10308
36,1253,1235,2488,1234,3722,1238,4960,1506,5228,963,6191,1240,7431,1218,8649,1152,9801,394,507,10308
34,1169,1177,2346,1230,3576,1219,4795,1480,5056,960,6016,1277,7293,1291,8584,1217,9801,394,509,10310
33,1255,1220,2475,1192,3667,1187,4854,1444,5111,933,6044,1220,7264,1232,8496,1260,9756,394,556,10312
30,1101,1096,2197,1117,3314,1139,4453,1390,4704,919,5623,1270,6893,1411,8304,1388,9692,394,623,10315
30,1130,1123,2253,1159,3412,1196,4608,1462,4874,960,5834,1262,7096,1388,8484,1302,9786,394,531,10317
37,1215,1179,2394,1180,3574,1171,4745,1426,5000,914,5914,1233,7147,1256,8403,1316,9719,394,601,10320
34,1195,1210,2405,1207,3612,1209,4821,1471,5083,947,6030,1230,7260,1277,8537,1260,9797,394,525,10322
32,1167,1155,2322,1167,3489,1186,4675,1441,4930,933,5863,1226,7089,1252,8341,1383,9724,394,598,10322
37,1207,1203,2410,1211,3621,1231,4852,1494,5115,956,6071,1249,7320,1252,8572,1222,9794,394,530,10324
30,1170,1169,2339,1195,3534,1210,4744,1475,5009,961,5970,1256,7226,1284,8510,1271,9781,394,546,10327
39,1181,1172,2353,1215,3568,1220,4788,1484,5052,952,6004,1259,7263,1269,8532,1245,9777,395,556,10333
31,1207,1196,2403,1214,3617,1228,4845,1500,5117,946,6063,1223,7286,1306,8592,1213,9805,395,528,10333
35,1177,1205,2382,1193,3575,1196,4771,1457,5032,937,5969,1234,7203,1284,8487,1283,9770,395,564,10334
32,1208,1196,2404,1178,3582,1170,4752,1423,5005,938,5943,1235,7178,1265,8443,1306,9749,395,587,10336
34,1210,1224,2434,1228,3662,1243,4905,1518,5180,972,6152,1239,7391,1239,8630,1199,9829,395,508,10337
37,1158,1211,2369,1227,3596,1246,4842,1516,5112,973,6085,1199,7284,1260,8544,1261,9805,395,533,10338
36,1194,1238,2432,1228,3660,1229,4889,1493,5153,963,6116,1231,7347,1238,8585,1228,9813,395,526,10339
35,1208,1190,2398,1184,3582,1193,4775,1454,5036,957,5993,1262,7255,1316,8571,1227,9798,395,551,10349
35,1088,1159,2247,1192,3439,1240,4679,1502,4941,978,5919,1317,7236,1291,8527,1264,9791,395,560,10351
35,1070,1097,2167,1112,3279,1131,4410,1379,4658,901,5559,1243,6802,1311,8113,1539,9652,395,701,10353
30,1159,1173,2332,1196,3528,1212,4740,1474,5002,968,5970,1285,7255,1291,8546,1258,9804,395,549,10353
35,1203,1205,2408,1207,3615,1212,4827,1464,5079,958,6037,1230,7267,1223,8490,1294,9784,395,570,10354
40,1236,1233,2469,1260,3729,1260,4989,1520,5249,943,6192,1230,7422,1222,8644,1195,9839,395,516,10355
39,1190,1198,2388,1199,3587,1212,4799,1474,5061,947,6008,1282,7290,1261,8551,1260,9811,395,544,10355
37,1190,1190,2380,1200,3580,1215,4795,1480,5060,952,6012,1249,7261,1262,8523,1282,9805,396,562,10367
39,1209,1206,2415,1216,3631,1210,4841,1474,5105,948,6053,1232,7285,1256,8541,1260,9801,396,566,10367
36,1178,1188,2366,1179,3545,1191,4736,1455,5000,946,5946,1246,7192,1287,8479,1292,9771,396,598,10369
39,1233,1219,2452,1217,3669,1228,4897,1494,5163,952,6115,1237,7352,1246,8598,1223,9821,396,550,10371
31,1157,1161,2318,1156,3474,1160,4634,1413,4887,919,5806,1220,7026,1302,8328,1404,9732,396,639,10371
30,1189,1165,2354,1177,3531,1199,4730,1462,4993,947,5940,1244,7184,1294,8478,1304,9782,396,592,10374
33,1210,1157,2367,1168,3535,1201,4736,1461,4996,932,5928,1233,7161,1265,8426,1332,9758,396,618,10376
37,1161,1189,2350,1234,3584,1255,4839,1527,5111,979,6090,1258,7348,1259,8607,1255,9862,396,514,10376
33,1217,1207,2424,1181,3605,1177,4782,1433,5038,937,5975,1236,7211,1282,8493,1305,9798,396,579,10377
34,1182,1182,2364,1177,3541,1181,4722,1435,4976,933,5909,1255,7164,1305,8469,1301,9770,397,614,10384
36,1139,1126,2265,1113,3378,1106,4484,1345,4723,865,5588,1205,6793,1379,8172,1629,9801,397,583,10384
30,1191,1142,2333,1155,3488,1177,4665,1432,4920,955,5875,1257,7132,1325,8457,1370,9827,397,557,10384
31,1117,1127,2244,1163,3407,1191,4598,1452,4859,950,5809,1296,7105,1330,8435,1333,9768,397,617,10385
35,1219,1236,2455,1244,3699,1241,4940,1508,5207,966,6173,1237,7410,1236,8646,1209,9855,397,531,10386
33,1191,1189,2380,1190,3570,1218,4788,1482,5052,952,6004,1236,7240,1260,8500,1288,9788,397,603,10391
36,1129,1128,2257,1141,3398,1162,4560,1417,4815,948,5763,1260,7023,1346,8369,1379,9748,397,644,10392
39,1150,1144,2294,1156,3450,1183,4633,1441,4891,953,5844,1307,7151,1328,8479,1311,9790,397,603,10393
40,1123,1112,2235,1157,3392,1144,4536,1395,4787,930,5717,1256,6973,1331,8304,1401,9705,397,689,10394
40,1165,1162,2327,1172,3499,1173,4672,1429,4928,946,5874,1259,7133,1331,8464,1330,9794,397,600,10394
34,1192,1192,2384,1191,3575,1218,4793,1479,5054,947,6001,1261,7262,1276,8538,1276,9814,397,583,10397
33,1167,1192,2359,1204,3563,1219,4782,1484,5047,959,6006,1252,7258,1277,8535,1296,9831,397,570,10401
36,1031,1036,2067,1085,3152,1130,4282,1378,4530,926,5456,1280,6736,1419,8155,1536,9691,397,712,10403
33,1201,1192,2393,1192,3585,1220,4805,1486,5071,968,6039,1263,7302,1280,8582,1277,9859,397,547,10406
30,1212,1220,2432,1230,3662,1232,4894,1501,5163,973,6136,1282,7418,1249,8667,1214,9881,397,528,10409
39,1188,1209,2397,1214,3611,1211,4822,1473,5084,946,6030,1239,7269,1269,8538,1284,9822,397,587,10409
36,1199,1188,2387,1197,3584,1211,4795,1474,5058,957,6015,1230,7245,1245,8490,1293,9783,398,627,10410
33,1207,1212,2419,1213,3632,1216,4848,1482,5114,950,6064,1232,7296,1276,8572,1268,9840,398,571,10411
36,1202,1157,2359,1205,3564,1188,4752,1445,5009,940,5949,1248,7197,1292,8489,1349,9838,398,573,10411
35,1133,1138,2271,1164,3435,1213,4648,1476,4911,959,5870,1285,7155,1324,8479,1325,9804,398,611,10415
39,1232,1187,2419,1194,3613,1217,4830,1472,5085,950,6035,1232,7267,1284,8551,1320,9871,398,544,10415
36,1201,1220,2421,1230,3651,1239,4890,1504,5155,952,6107,1232,7339,1255,8594,1255,9849,398,569,10418
33,1223,1229,2452,1229,3681,1227,4908,1491,5172,965,6137,1272,7409,1259,8668,1225,9893,398,528,10421
30,1135,1136,2271,1184,3455,1176,4631,1431,4886,934,5820,1232,7052,1344,8396,1412,9808,398,614,10422
38,1212,1190,2402,1215,3617,1224,4841,1487,5104,953,6057,1250,7307,1281,8588,1259,9847,398,576,10423
30,1224,1226,2450,1224,3674,1227,4901,1493,5167,953,6120,1242,7362,1257,8619,1248,9867,398,556,10423
33,1123,1127,2250,1137,3387,1232,4619,1499,4886,942,5828,1334,7162,1377,8539,1314,9853,398,572,10425
31,1218,1158,2376,1159,3535,1204,4739,1459,4994,910,5904,1392,7296,1316,8612,1266,9878,398,548,10426
33,1134,1123,2257,1133,3390,1190,4580,1447,4837,970,5807,1280,7087,1347,8434,1378,9812,398,620,10432
36,1258,1244,2502,1237,3739,1230,4969,1497,5236,965,6201,1252,7453,1244,8697,1203,9900,398,534,10434
32,1268,1220,2488,1224,3712,1224,4936,1486,5198,956,6154,1221,7375,1258,8633,1248,9881,399,555,10436
33,1079,1099,2178,1143,3321,1146,4467,1395,4716,901,5617,1239,6856,1501,8357,1456,9813,399,625,10438
32,1083,1140,2223,1164,3387,1198,4585,1458,4845,954,5799,1302,7101,1423,8524,1329,9853,399,587,10440
31,1133,1136,2269,1168,3437,1218,4655,1483,4920,981,5901,1308,7209,1332,8541,1323,9864,399,576,10440
38,1137,1158,2295,1176,3471,1260,4731,1522,4993,974,5967,1275,7242,1319,8561,1294,9855,399,587,10442
37,1263,1235,2498,1200,3698,1232,4930,1503,5201,955,6156,1234,7390,1268,8658,1246,9904,399,540,10444
35,1226,1227,2453,1240,3693,1237,4930,1507,5200,966,6166,1266,7432,1268,8700,1215,9915,399,532,10447
30,1237,1269,2506,1202,3708,1216,4924,1482,5190,942,6132,1228,7360,1255,8615,1288,9903,399,544,10447
36,1242,1244,2486,1241,3727,1250,4977,1513,5240,970,6210,1254,7464,1249,8713,1208,9921,399,528,10449
30,1235,1172,2407,1161,3568,1193,4761,1452,5020,942,5962,1249,7211,1327,8538,1340,9878,399,579,10457
36,1211,1204,2415,1194,3609,1212,4821,1475,5084,942,6026,1240,7266,1256,8522,1322,9844,399,613,10457
36,1193,1190,2383,1189,3572,1231,4803,1498,5070,963,6033,1251,7284,1290,8574,1293,9867,399,591,10458
32,1104,1087,2191,1114,3305,1212,4517,1463,4768,1077,5845,1225,7070,1412,8482,1435,9917,399,542,10459
39,1205,1191,2396,1184,3580,1197,4777,1460,5040,944,5984,1239,7223,1291,8514,1329,9843,399,617,10460
33,1252,1204,2456,1224,3680,1239,4919,1505,5185,981,6166,1270,7436,1255,8691,1232,9923,399,538,10461
38,1206,1228,2434,1237,3671,1239,4910,1506,5177,963,6140,1248,7388,1261,8649,1261,9910,400,552,10462
31,1190,1203,2393,1205,3598,1219,4817,1485,5083,954,6037,1239,7276,1296,8572,1319,9891,400,571,10462
36,1196,1171,2367,1179,3546,1198,4744,1457,5003,965,5968,1245,7213,1300,8513,1344,9857,400,605,10462
31,1145,1157,2302,1154,3456,1184,4640,1444,4900,938,5838,1286,7124,1352,8476,1371,9847,400,618,10465
36,1220,1221,2441,1221,3662,1235,4897,1501,5163,954,6117,1256,7373,1272,8645,1240,9885,400,582,10467
35,1316,1291,2607,1297,3904,1290,5194,1559,5463,942,6405,1194,7599,1174,8773,1172,9945,400,527,10472
32,1202,1197,2399,1202,3601,1240,4841,1495,5096,923,6019,1219,7238,1292,8530,1343,9873,400,601,10474
31,1171,1196,2367,1205,3572,1232,4804,1498,5070,963,6033,1251,7284,1290,8574,1310,9884,400,594,10478
38,1152,1180,2332,1207,3539,1247,4786,1525,5064,1010,6074,1304,7378,1342,8720,1221,9941,400,537,10478
36,1215,1218,2433,1226,3659,1222,4881,1485,5144,951,6095,1237,7332,1297,8629,1293,9922,400,557,10479
32,1177,1180,2357,1167,3524,1177,4701,1436,4960,949,5909,1263,7172,1331,8503,1365,9868,400,613,10481
40,1256,1236,2492,1237,3729,1244,4973,1519,5248,982,6230,1265,7495,1244,8739,1224,9963,400,521,10484
30,1233,1226,2459,1232,3691,1231,4922,1496,5187,966,6153,1266,7419,1266,8685,1254,9939,400,547,10486
40,1028,1050,2078,1087,3165,1171,4336,1431,4596,958,5554,1377,6931,1449,8380,1468,9848,400,640,10488
31,1160,1157,2317,1172,3489,1186,4675,1447,4936,930,5866,1246,7112,1304,8416,1413,9829,401,659,10488
30,1094,1102,2196,1122,3318,1142,4460,1387,4705,911,5616,1245,6861,1451,8312,1532,9844,401,645,10489
37,1237,1231,2468,1233,3701,1242,4943,1509,5210,968,6178,1254,7432,1271,8703,1254,9957,401,533,10490
39,1256,1225,2481,1243,3724,1250,4974,1526,5250,965,6215,1248,7463,1267,8730,1232,9962,401,529,10491
37,1187,1198,2385,1193,3578,1211,4789,1468,5046,961,6007,1282,7289,1320,8609,1303,9912,401,579,10491
35,1198,1175,2373,1187,3560,1207,4767,1465,5025,957,5982,1270,7252,1310,8562,1341,9903,401,589,10492
31,1163,1175,2338,1183,3521,1196,4717,1455,4976,951,5927,1291,7218,1363,8581,1326,9907,401,587,10494
32,1065,1138,2203,1170,3373,1221,4594,1478,4851,1017,5868,1322,7190,1384,8574,1350,9924,401,572,10496
37,1156,1145,2301,1188,3489,1192,4681,1448,4937,956,5893,1257,7150,1372,8522,1364,9886,401,610,10496
31,1254,1272,2526,1258,3784,1249,5033,1517,5301,984,6285,1262,7547,1242,8789,1200,9989,401,507,10496
40,1195,1203,2398,1227,3625,1220,4845,1484,5109,965,6074,1247,7321,1291,8612,1310,9922,401,576,10498
30,1175,1173,2348,1176,3524,1216,4740,1481,5005,968,5973,1253,7226,1335,8561,1326,9887,401,613,10500
35,1247,1235,2482,1244,3726,1250,4976,1519,5245,975,6220,1260,7480,1285,8765,1226,9991,401,511,10502
33,1172,1182,2354,1187,3541,1215,4756,1481,5022,966,5988,1251,7239,1287,8526,1373,9899,401,604,10503
36,1257,1241,2498,1227,3725,1233,4958,1496,5221,952,6173,1257,7430,1266,8696,1239,9935,401,570,10505
39,1143,1163,2306,1191,3497,1225,4722,1488,4985,965,5950,1279,7229,1331,8560,1329,9889,401,617,10506
39,1240,1241,2481,1244,3725,1258,4983,1535,5260,981,6241,1254,7495,1241,8736,1217,9953,401,554,10507
33,1230,1204,2434,1217,3651,1267,4918,1533,5184,967,6151,1279,7430,1271,8701,1267,9968,401,539,10507
35,1240,1256,2496,1244,3740,1243,4983,1512,5252,969,6221,1266,7487,1259,8746,1229,9975,401,535,10510
40,1156,1173,2329,1194,3523,1220,4743,1487,5010,940,5950,1280,7230,1349,8579,1345,9924,401,586,10510
38,1224,1230,2454,1236,3690,1232,4922,1498,5188,960,6148,1239,7387,1272,8659,1278,9937,401,574,10511
30,1196,1169,2365,1184,3549,1216,4765,1484,5033,975,6008,1286,7294,1318,8612,1309,9921,401,591,10512
37,1181,1216,2397,1253,3650,1279,4929,1549,5199,994,6193,1286,7479,1291,8770,1219,9989,401,524,10513
38,1214,1214,2428,1219,3647,1216,4863,1478,5125,958,6083,1251,7334,1278,8612,1289,9901,401,613,10514
34,1165,1181,2346,1195,3541,1216,4757,1481,5022,976,5998,1284,7282,1347,8629,1318,9947,402,571,10518
30,1270,1240,2510,1226,3736,1241,4977,1512,5248,973,6221,1305,7526,1251,8777,1220,9997,402,521,10518
33,1249,1216,2465,1203,3668,1199,4867,1461,5129,940,6069,1215,7284,1219,8503,1399,9902,402,617,10519
31,1120,1143,2263,1149,3412,1188,4600,1455,4867,969,5836,1315,7151,1373,8524,1378,9902,402,619,10521
30,1155,1162,2317,1161,3478,1182,4660,1436,4914,963,5877,1328,7205,1333,8538,1395,9933,402,589,10522
35,1260,1240,2500,1250,3750,1263,5013,1529,5279,971,6250,1250,7500,1254,8754,1222,9976,402,548,10524
39,1153,1161,2314,1176,3490,1207,4697,1469,4959,974,5933,1283,7216,1304,8520,1350,9870,402,654,10524
31,1229,1178,2407,1199,3606,1226,4832,1489,5095,967,6062,1261,7323,1316,8639,1318,9957,402,572,10529
37,1156,1193,2349,1213,3562,1232,4794,1498,5060,969,6029,1269,7298,1290,8588,1392,9980,402,554,10534
40,1102,1139,2241,1176,3417,1194,4611,1480,4897,967,5864,1306,7170,1380,8550,1378,9928,402,606,10534
33,1262,1226,2488,1216,3704,1215,4919,1479,5183,946,6129,1217,7346,1251,8597,1357,9954,402,582,10536
39,1177,1194,2371,1200,3571,1210,4781,1477,5048,964,6012,1285,7297,1363,8660,1299,9959,402,579,10538
38,1239,1206,2445,1217,3662,1224,4886,1487,5149,950,6099,1256,7355,1308,8663,1312,9975,402,564,10539
30,1257,1264,2521,1251,3772,1251,5023,1521,5293,968,6261,1270,7531,1274,8805,1224,10029,402,510,10539
38,1283,1260,2543,1263,3806,1255,5061,1528,5334,974,6308,1241,7549,1226,8775,1223,9998,402,542,10540
31,1238,1200,2438,1190,3628,1211,4839,1476,5104,955,6059,1271,7330,1300,8630,1314,9944,402,596,10540
32,1227,1244,2471,1254,3725,1244,4969,1512,5237,974,6211,1265,7476,1272,8748,1251,9999,403,542,10541
30,1215,1189,2404,1173,3577,1207,4784,1466,5043,954,5997,1274,7271,1359,8630,1358,9988,403,554,10542
32,1140,1154,2294,1173,3467,1185,4652,1440,4907,934,5841,1245,7086,1377,8463,1419,9882,403,666,10548
35,1177,1160,2337,1155,3492,1169,4661,1427,4919,948,5867,1292,7159,1377,8536,1400,9936,403,613,10549
39,1203,1196,2399,1200,3599,1248,4847,1520,5119,984,6103,1284,7387,1312,8699,1280,9979,403,573,10552
33,1196,1209,2405,1228,3633,1242,4875,1510,5143,980,6123,1272,7395,1316,8711,1292,10003,403,553,10556
32,1286,1249,2535,1237,3772,1239,5011,1512,5284,966,6250,1267,7517,1281,8798,1235,10033,403,523,10556
40,1206,1202,2408,1213,3621,1240,4861,1507,5128,974,6102,1265,7367,1308,8675,1294,9969,403,589,10558
32,1250,1258,2508,1256,3764,1245,5009,1512,5276,966,6242,1266,7508,1248,8756,1244,10000,403,559,10559
30,1170,1166,2336,1184,3520,1191,4711,1449,4969,937,5906,1249,7155,1355,8510,1434,9944,403,616,10560
36,1222,1230,2452,1239,3691,1242,4933,1509,5200,973,6173,1262,7435,1280,8715,1281,9996,403,564,10560
34,1249,1235,2484,1232,3716,1281,4997,1548,5264,970,6234,1264,7498,1273,8771,1235,10006,403,555,10561
37,1236,1234,2470,1225,3695,1216,4911,1483,5178,947,6125,1249,7374,1283,8657,1305,9962,403,599,10561
34,1137,1141,2278,1180,3458,1269,4727,1540,4998,1087,6085,1284,7369,1345,8714,1295,10009,403,554,10563
31,1241,1248,2489,1258,3747,1279,5026,1553,5300,987,6287,1291,7578,1283,8861,1176,10037,403,528,10565
38,1269,1251,2520,1256,3776,1252,5028,1523,5299,974,6273,1261,7534,1262,8796,1228,10024,403,542,10566
40,1187,1198,2385,1215,3600,1224,4824,1492,5092,959,6051,1317,7368,1335,8703,1296,9999,403,567,10566
35,1269,1252,2521,1255,3776,1252,5028,1523,5299,975,6274,1260,7534,1262,8796,1228,10024,404,543,10567
35,1209,1214,2423,1227,3650,1245,4895,1512,5162,980,6142,1280,7422,1308,8730,1292,10022,404,546,10568
38,1218,1222,2440,1216,3656,1220,4876,1482,5138,960,6098,1239,7337,1330,8667,1315,9982,404,590,10572
40,1144,1157,2301,1159,3460,1184,4644,1444,4904,962,5866,1285,7151,1353,8504,1456,9960,404,615,10575
40,1164,1160,2324,1173,3497,1192,4689,1453,4950,949,5899,1377,7276,1383,8659,1352,10011,404,564,10575
36,1231,1222,2453,1225,3678,1235,4913,1495,5173,952,6125,1251,7376,1282,8658,1275,9933,404,644,10577
36,1227,1231,2458,1212,3670,1231,4901,1493,5163,969,6132,1268,7400,1296,8696,1296,9992,404,585,10577
32,1226,1215,2441,1238,3679,1241,4920,1511,5190,969,6159,1267,7426,1295,8721,1282,10003,404,575,10578
36,1109,1112,2221,1179,3400,1283,4683,1547,4947,1013,5960,1335,7295,1355,8650,1362,10012,404,566,10578
32,1216,1171,2387,1165,3552,1189,4741,1448,5000,959,5959,1249,7208,1325,8533,1410,9943,404,635,10578
33,1123,1152,2275,1185,3460,1227,4687,1500,4960,992,5952,1313,7265,1352,8617,1354,9971,404,608,10579
34,1224,1224,2448,1243,3691,1241,4932,1512,5203,968,6171,1254,7425,1281,8706,1286,9992,404,587,10579
32,1234,1235,2469,1223,3692,1245,4937,1512,5204,973,6177,1272,7449,1288,8737,1271,10008,404,573,10581
35,1207,1203,2410,1218,3628,1251,4879,1519,5147,982,6129,1295,7424,1305,8729,1288,10017,404,567,10584
36,1223,1196,2419,1201,3620,1229,4849,1495,5115,987,6102,1301,7403,1302,8705,1315,10020,404,564,10584
31,1254,1237,2491,1237,3728,1253,4981,1523,5251,975,6226,1264,7490,1285,8775,1257,10032,404,553,10585
37,1166,1200,2366,1223,3589,1259,4848,1530,5119,991,6110,1288,7398,1316,8714,1291,10005,404,582,10587
35,1229,1201,2430,1198,3628,1216,4844,1475,5103,963,6066,1263,7329,1307,8636,1355,9991,404,601,10592
33,1194,1224,2418,1225,3643,1266,4909,1539,5182,978,6160,1281,7441,1286,8727,1295,10022,405,571,10593
35,1241,1234,2475,1267,3742,1253,4995,1529,5271,1002,6273,1282,7555,1254,8809,1230,10039,405,556,10595
38,1217,1248,2465,1256,3721,1255,4976,1529,5250,979,6229,1282,7511,1302,8813,1250,10063,405,532,10595
33,1261,1256,2517,1242,3759,1249,5008,1520,5279,977,6256,1290,7546,1285,8831,1235,10066,405,529,10595
33,1117,1129,2246,1143,3389,1190,4579,1447,4836,962,5798,1352,7150,1462,8612,1386,9998,405,598,10596
39,1287,1271,2558,1264,3822,1270,5092,1544,5366,995,6361,1254,7615,1244,8859,1231,10090,405,507,10597
36,1137,1144,2281,1163,3444,1199,4643,1461,4905,960,5865,1278,7143,1346,8489,1524,10013,405,584,10597
40,1285,1287,2572,1266,3838,1252,5090,1528,5366,975,6341,1262,7603,1244,8847,1230,10077,405,523,10600
32,1250,1238,2488,1232,3720,1253,4973,1521,5241,977,6218,1266,7484,1278,8762,1263,10025,405,576,10601
35,1173,1184,2357,1189,3546,1201,4747,1466,5012,958,5970,1269,7239,1302,8541,1430,9971,405,631,10602
33,1230,1252,2482,1261,3743,1263,5006,1538,5281,977,6258,1275,7533,1275,8808,1246,10054,405,548,10602
39,1261,1230,2491,1229,3720,1234,4954,1494,5214,950,6164,1272,7436,1333,8769,1276,10045,405,558,10603
35,1169,1174,2343,1185,3528,1209,4737,1476,5004,967,5971,1286,7257,1382,8639,1382,10021,405,584,10605
39,1219,1188,2407,1198,3605,1208,4813,1469,5074,970,6044,1255,7299,1329,8628,1383,10011,405,596,10607
32,1227,1210,2437,1225,3662,1233,4895,1498,5160,956,6116,1273,7389,1315,8704,1311,10015,405,595,10610
36,1269,1267,2536,1261,3797,1259,5056,1531,5328,970,6298,1238,7536,1256,8792,1264,10056,405,554,10610
31,1191,1170,2361,1170,3531,1199,4730,1460,4991,962,5953,1333,7286,1366,8652,1355,10007,405,606,10613
37,1150,1199,2349,1223,3572,1247,4819,1517,5089,989,6078,1303,7381,1297,8678,1354,10032,405,584,10616
36,1193,1199,2392,1210,3602,1223,4825,1491,5093,960,6053,1263,7316,1285,8601,1379,9980,405,639,10619
33,1210,1198,2408,1245,3653,1267,4920,1542,5195,988,6183,1305,7488,1298,8786,1256,10042,406,578,10620
35,1182,1201,2383,1187,3570,1215,4785,1483,5053,971,6024,1292,7316,1338,8654,1358,10012,406,609,10621
39,1113,1139,2252,1139,3391,1153,4544,1404,4795,937,5732,1268,7000,1395,8395,1456,9851,406,770,10621
32,1166,1143,2309,1167,3476,1196,4672,1459,4935,983,5918,1401,7319,1368,8687,1357,10044,406,578,10622
33,1219,1208,2427,1210,3637,1231,4868,1497,5134,968,6102,1277,7379,1312,8691,1327,10018,406,604,10622
30,1255,1212,2467,1214,3681,1226,4907,1490,5171,955,6126,1241,7367,1322,8689,1384,10073,406,551,10624
30,1287,1287,2574,1267,3841,1265,5106,1536,5377,970,6347,1229,7576,1254,8830,1250,10080,406,546,10626
35,1214,1209,2423,1219,3642,1233,4875,1496,5138,955,6093,1279,7372,1346,8718,1325,10043,406,584,10627
32,1233,1229,2462,1227,3689,1236,4925,1506,5195,971,6166,1276,7442,1307,8749,1296,10045,406,584,10629
35,1168,1188,2356,1225,3581,1253,4834,1525,5106,985,6091,1293,7384,1335,8719,1315,10034,406,595,10629
30,1245,1223,2468,1217,3685,1242,4927,1514,5199,970,6169,1265,7434,1362,8796,1288,10084,406,547,10631
39,1221,1223,2444,1219,3663,1239,4902,1505,5168,966,6134,1242,7376,1289,8665,1342,10007,406,625,10632
30,1288,1273,2561,1255,3816,1250,5066,1520,5336,961,6297,1257,7554,1243,8797,1248,10045,406,587,10632
32,1245,1215,2460,1212,3672,1223,4895,1488,5160,976,6136,1267,7403,1309,8712,1316,10028,406,605,10633
31,1273,1257,2530,1249,3779,1270,5049,1544,5323,983,6306,1263,7569,1274,8843,1246,10089,406,548,10637
35,1215,1252,2467,1245,3712,1249,4961,1518,5230,978,6208,1269,7477,1261,8738,1352,10090,406,547,10637
39,1244,1239,2483,1239,3722,1250,4972,1527,5249,973,6222,1286,7508,1293,8801,1271,10072,406,569,10641
34,1147,1197,2344,1216,3560,1240,4800,1508,5068,981,6049,1283,7332,1342,8674,1356,10030,406,613,10643
35,1211,1156,2367,1189,3556,1245,4801,1519,5075,1004,6079,1294,7373,1311,8684,1361,10045,406,600,10645
32,1150,1188,2338,1206,3544,1237,4781,1507,5051,985,6036,1292,7328,1321,8649,1369,10018,407,629,10647
40,1083,1074,2157,1095,3252,1117,4369,1363,4615,897,5512,1222,6734,1417,8151,1833,9984,407,666,10650
33,1252,1211,2463,1212,3675,1213,4888,1476,5151,958,6109,1271,7380,1312,8692,1342,10034,407,617,10651
40,1206,1204,2410,1216,3626,1218,4844,1484,5110,969,6079,1289,7368,1335,8703,1337,10040,407,611,10651
30,1209,1221,2430,1253,3683,1269,4952,1539,5222,991,6213,1294,7507,1320,8827,1279,10106,407,545,10651
36,1207,1202,2409,1213,3622,1242,4864,1512,5134,986,6120,1302,7422,1331,8753,1304,10057,407,597,10654
33,1169,1189,2358,1205,3563,1274,4837,1548,5111,1010,6121,1362,7483,1326,8809,1284,10093,407,566,10659
35,1214,1201,2415,1206,3621,1213,4834,1475,5096,966,6062,1253,7315,1332,8647,1370,10017,407,642,10659
40,1256,1230,2486,1238,3724,1249,4973,1522,5246,1002,6248,1297,7545,1311,8856,1274,10130,407,530,10660
35,1188,1202,2390,1236,3626,1250,4876,1519,5145,992,6137,1299,7436,1333,8769,1328,10097,407,564,10661
36,1202,1214,2416,1248,3664,1269,4933,1542,5206,988,6194,1279,7473,1315,8788,1289,10077,407,585,10662
34,1262,1310,2572,1270,3842,1275,5117,1550,5392,977,6369,1280,7649,1264,8913,1217,10130,407,533,10663
39,1240,1203,2443,1196,3639,1210,4849,1475,5114,975,6089,1275,7364,1358,8722,1363,10085,407,582,10667
34,1197,1210,2407,1222,3629,1217,4846,1478,5107,972,6079,1317,7396,1338,8734,1340,10074,407,593,10667
36,1265,1262,2527,1272,3799,1268,5067,1538,5337,981,6318,1273,7591,1273,8864,1257,10121,407,547,10668
36,1206,1220,2426,1230,3656,1257,4913,1528,5184,995,6179,1322,7501,1318,8819,1303,10122,407,547,10669
31,1275,1270,2545,1272,3817,1280,5097,1560,5377,990,6367,1269,7636,1276,8912,1232,10144,407,526,10670
32,1239,1237,2476,1252,3728,1264,4992,1542,5270,984,6254,1284,7538,1286,8824,1288,10112,408,560,10672
35,1252,1241,2493,1223,3716,1238,4954,1506,5222,974,6196,1284,7480,1315,8795,1302,10097,408,575,10672
38,1208,1215,2423,1232,3655,1254,4909,1524,5179,983,6162,1296,7458,1323,8781,1321,10102,408,570,10672
31,1245,1226,2471,1223,3694,1247,4941,1517,5211,980,6191,1288,7479,1301,8780,1312,10092,408,580,10672
33,1249,1246,2495,1245,3740,1249,4989,1518,5258,990,6248,1292,7540,1311,8851,1265,10116,408,557,10673
34,1221,1220,2441,1210,3651,1221,4872,1486,5137,974,6111,1297,7408,1353,8761,1329,10090,408,585,10675
35,1149,1157,2306,1190,3496,1237,4733,1512,5008,1004,6012,1299,7311,1385,8696,1393,10089,408,586,10675
31,1265,1288,2553,1314,3867,1301,5168,1573,5440,972,6412,1250,7662,1265,8927,1205,10132,408,544,10676
38,1225,1201,2426,1209,3635,1222,4857,1488,5123,964,6087,1280,7367,1350,8717,1377,10094,408,585,10679
31,1263,1281,2544,1265,3809,1258,5067,1532,5341,976,6317,1266,7583,1287,8870,1265,10135,408,545,10680
34,1257,1238,2495,1243,3738,1249,4987,1525,5263,973,6236,1287,7523,1292,8815,1287,10102,408,580,10682
30,1144,1138,2282,1132,3414,1141,4555,1391,4805,927,5732,1261,6993,1349,8342,1697,10039,408,644,10683
33,1214,1213,2427,1234,3661,1254,4915,1524,5185,995,6180,1310,7490,1333,8823,1277,10100,408,587,10687
40,1237,1237,2474,1241,3715,1244,4959,1514,5229,1034,6263,1253,7516,1288,8804,1292,10096,408,592,10688
38,1242,1229,2471,1235,3706,1238,4944,1508,5214,979,6193,1276,7469,1310,8779,1309,10088,408,601,10689
32,1239,1212,2451,1216,3667,1220,4887,1489,5156,966,6122,1296,7418,1355,8773,1323,10096,408,593,10689
37,1195,1204,2399,1236,3635,1272,4907,1546,5181,1001,6182,1324,7506,1343,8849,1273,10122,408,568,10690
35,1262,1264,2526,1266,3792,1268,5060,1548,5340,988,6328,1273,7601,1277,8878,1259,10137,408,556,10693
37,1229,1236,2465,1240,3705,1254,4959,1529,5234,985,6219,1299,7518,1304,8822,1288,10110,408,583,10693
37,1292,1281,2573,1273,3846,1271,5117,1547,5393,985,6378,1281,7659,1269,8928,1237,10165,408,529,10694
33,1277,1262,2539,1259,3798,1254,5052,1527,5325,989,6314,1275,7589,1288,8877,1266,10143,408,551,10694
33,1323,1297,2620,1287,3907,1239,5146,1509,5416,949,6365,1254,7619,1268,8887,1247,10134,408,561,10695
37,1296,1258,2554,1259,3813,1254,5067,1527,5340,978,6318,1248,7566,1284,8850,1284,10134,408,561,10695
37,1164,1165,2329,1176,3505,1232,4737,1502,5007,1048,6055,1320,7375,1363,8738,1368,10106,408,591,10697
39,1239,1258,2497,1254,3751,1259,5010,1536,5287,985,6272,1274,7546,1277,8823,1284,10107,409,592,10699
33,1170,1173,2343,1173,3516,1180,4696,1436,4952,945,5897,1238,7135,1363,8498,1407,9905,409,795,10700
33,1245,1267,2512,1268,3780,1268,5048,1542,5322,989,6311,1290,7601,1269,8870,1256,10126,409,575,10701
39,1226,1205,2431,1200,3631,1207,4838,1468,5099,963,6062,1286,7348,1390,8738,1374,10112,409,590,10702
31,1192,1179,2371,1184,3555,1203,4758,1466,5021,983,6004,1355,7359,1415,8774,1332,10106,409,601,10707
34,1018,1014,2032,1040,3072,1148,4220,1427,4499,1007,5506,1300,6806,1407,8213,1733,9946,409,761,10707
35,1213,1212,2425,1236,3661,1257,4918,1530,5191,1006,6197,1323,7520,1337,8857,1284,10141,409,567,10708
40,1261,1247,2508,1238,3746,1249,4995,1523,5269,972,6241,1284,7525,1306,8831,1297,10128,409,581,10709
36,1273,1274,2547,1274,3821,1289,5110,1564,5385,998,6383,1259,7642,1263,8905,1249,10154,409,556,10710
32,1252,1214,2466,1196,3662,1235,4897,1501,5163,1008,6171,1381,7552,1308,8860,1283,10143,409,568,10711
31,1232,1237,2469,1241,3710,1243,4953,1511,5221,975,6196,1264,7460,1322,8782,1326,10108,409,605,10713
30,1275,1254,2529,1257,3786,1269,5055,1544,5330,990,6320,1294,7614,1343,8957,1228,10185,409,528,10713
34,1263,1268,2531,1261,3792,1257,5049,1530,5322,989,6311,1288,7599,1301,8900,1271,10171,409,543,10714
34,1280,1258,2538,1222,3760,1249,5009,1521,5281,974,6255,1274,7529,1339,8868,1276,10144,409,571,10715
31,1285,1253,2538,1244,3782,1256,5038,1527,5309,967,6276,1261,7537,1269,8806,1363,10169,409,546,10715
31,1232,1255,2487,1271,3758,1261,5019,1534,5292,992,6284,1287,7571,1304,8875,1285,10160,409,556,10716
35,1252,1248,2500,1269,3769,1274,5043,1549,5318,992,6310,1276,7586,1308,8894,1280,10174,409,543,10717
40,1209,1208,2417,1219,3636,1248,4884,1522,5158,979,6137,1288,7425,1349,8774,1345,10119,409,598,10717
40,1255,1265,2520,1264,3784,1286,5070,1562,5346,994,6340,1306,7646,1307,8953,1236,10189,409,528,10717
38,1234,1227,2461,1234,3695,1262,4957,1540,5235,996,6231,1325,7556,1331,8887,1292,10179,409,539,10718
30,1241,1229,2470,1236,3706,1234,4940,1502,5208,957,6165,1265,7430,1315,8745,1345,10090,409,629,10719
35,1273,1277,2550,1273,3823,1258,5081,1540,5363,979,6342,1273,7615,1274,8889,1270,10159,409,560,10719
37,1224,1225,2449,1226,3675,1246,4921,1515,5190,1001,6191,1298,7489,1335,8824,1322,10146,409,574,10720
40,1182,1226,2408,1263,3671,1308,4979,1587,5258,1010,6268,1345,7613,1314,8927,1239,10166,409,555,10721
33,1192,1200,2392,1151,3543,1184,4727,1443,4986,1014,6000,1591,7591,1287,8878,1297,10175,409,548,10723
33,1297,1272,2569,1241,3810,1249,5059,1525,5335,975,6310,1234,7544,1247,8791,1288,10079,409,644,10723
37,1295,1260,2555,1264,3819,1275,5094,1550,5369,982,6351,1273,7624,1269,8893,1273,10166,409,557,10723
38,1246,1230,2476,1213,3689,1223,4912,1488,5177,965,6142,1297,7439,1361,8800,1325,10125,409,598,10723
34,1121,1143,2264,1148,3412,1164,4576,1419,4831,931,5762,1288,7050,1505,8555,1494,10049,410,675,10724
31,1185,1214,2399,1256,3655,1279,4934,1553,5208,1001,6209,1305,7514,1324,8838,1317,10155,410,569,10724
34,1224,1222,2446,1251,3697,1275,4972,1547,5244,1004,6248,1292,7540,1322,8862,1302,10164,410,561,10725
38,1535,1418,2953,1329,4282,1279,5561,1553,5835,1002,6837,1209,8046,1121,9167,1088,10255,410,471,10726
32,1283,1253,2536,1257,3793,1253,5046,1525,5318,975,6293,1273,7566,1271,8837,1300,10137,410,590,10727
35,1252,1231,2483,1213,3696,1237,4933,1506,5202,973,6175,1283,7458,1325,8783,1327,10110,410,619,10729
36,1238,1234,2472,1217,3689,1250,4939,1523,5212,994,6206,1309,7515,1329,8844,1316,10160,410,569,10729
38,1306,1281,2587,1269,3856,1263,5119,1534,5390,975,6365,1233,7598,1273,8871,1298,10169,410,560,10729
31,1292,1202,2494,1237,3731,1256,4987,1527,5258,998,6256,1290,7546,1301,8847,1316,10163,410,568,10731
30,1125,1140,2265,1166,3431,1198,4629,1464,4895,973,5868,1314,7182,1494,8676,1446,10122,410,609,10731
31,1235,1213,2448,1224,3672,1191,4863,1450,5122,958,6080,1290,7370,1367,8737,1401,10138,410,593,10731
36,1261,1265,2526,1266,3792,1268,5060,1547,5339,989,6328,1273,7601,1275,8876,1272,10148,410,586,10734
33,1281,1249,2530,1232,3762,1260,5022,1532,5294,986,6280,1292,7572,1283,8855,1298,10153,410,582,10735
38,1125,1135,2260,1128,3388,1137,4525,1381,4769,1148,5917,1323,7240,1495,8735,1386,10121,410,614,10735
33,1244,1220,2464,1258,3722,1272,4994,1547,5269,987,6256,1285,7541,1326,8867,1310,10177,410,559,10736
39,1270,1237,2507,1213,3720,1225,4945,1490,5210,951,6161,1247,7408,1312,8720,1393,10113,410,624,10737
34,1216,1249,2465,1255,3720,1256,4976,1529,5249,980,6229,1282,7511,1302,8813,1326,10139,410,598,10737
40,1213,1211,2424,1226,3650,1243,4893,1513,5163,991,6154,1310,7464,1348,8812,1340,10152,410,585,10737
30,1134,1175,2309,1238,3547,1321,4868,1608,5155,1027,6182,1348,7530,1384,8914,1283,10197,410,541,10738
36,1271,1277,2548,1274,3822,1263,5085,1536,5358,982,6340,1267,7607,1308,8915,1266,10181,410,558,10739
36,1229,1229,2458,1235,3693,1241,4934,1512,5205,971,6176,1289,7465,1323,8788,1356,10144,410,597,10741
35,1219,1221,2440,1240,3680,1251,4931,1518,5198,986,6184,1292,7476,1339,8815,1329,10144,410,597,10741
31,1217,1205,2422,1204,3626,1214,4840,1477,5103,960,6063,1275,7338,1346,8684,1445,10129,410,612,10741
33,1259,1253,2512,1260,3772,1268,5040,1546,5318,989,6307,1301,7608,1274,8882,1287,10169,410,572,10741
35,1258,1269,2527,1254,3781,1264,5045,1533,5314,984,6298,1305,7603,1317,8920,1269,10189,410,553,10742
37,1204,1189,2393,1198,3591,1216,4807,1481,5072,953,6025,1251,7276,1287,8563,1339,9902,410,842,10744
34,1250,1253,2503,1244,3747,1244,4991,1516,5263,984,6247,1283,7530,1316,8846,1317,10163,410,582,10745
37,1229,1277,2506,1266,3772,1270,5042,1544,5316,997,6313,1293,7606,1276,8882,1290,10172,410,573,10745
35,1068,1097,2165,1160,3325,1324,4649,1599,4924,998,5922,1328,7250,1429,8679,1427,10106,410,641,10747
40,1263,1268,2531,1260,3791,1258,5049,1531,5322,990,6312,1288,7600,1303,8903,1280,10183,410,564,10747
40,1237,1223,2460,1226,3686,1248,4934,1521,5207,993,6200,1309,7509,1320,8829,1329,10158,410,589,10747
37,1216,1195,2411,1196,3607,1226,4833,1498,5105,985,6090,1314,7404,1389,8793,1363,10156,410,592,10748
36,1195,1210,2405,1253,3658,1283,4941,1560,5218,1000,6218,1328,7546,1336,8882,1308,10190,410,560,10750
33,1151,1145,2296,1159,3455,1177,4632,1430,4885,924,5809,1263,7072,1546,8618,1500,10118,411,632,10750
31,1236,1248,2484,1245,3729,1245,4974,1514,5243,979,6222,1282,7504,1319,8823,1330,10153,411,604,10757
31,1230,1200,2430,1234,3664,1270,4934,1542,5206,1006,6212,1302,7514,1327,8841,1318,10159,411,599,10758
34,1255,1252,2507,1259,3766,1278,5044,1555,5321,1000,6321,1311,7632,1330,8962,1258,10220,411,539,10759
33,1109,1108,2217,1124,3341,1142,4483,1397,4738,929,5667,1286,6953,1581,8534,1570,10104,411,656,10760
30,1172,1179,2351,1206,3557,1226,4783,1492,5049,988,6037,1334,7371,1451,8822,1369,10191,411,572,10763
38,1246,1223,2469,1230,3699,1253,4952,1520,5219,993,6212,1311,7523,1361,8884,1311,10195,411,569,10764
34,1239,1237,2476,1294,3770,1264,5034,1542,5312,1003,6315,1336,7651,1382,9033,1217,10250,411,514,10764
38,1232,1247,2479,1284,3763,1286,5049,1566,5329,992,6321,1266,7587,1294,8881,1296,10177,411,589,10766
39,1282,1258,2540,1265,3805,1269,5074,1543,5348,990,6338,1300,7638,1307,8945,1270,10215,411,552,10767
33,1207,1207,2414,1235,3649,1240,4889,1527,5176,992,6168,1332,7500,1368,8868,1308,10176,411,591,10767
39,1279,1281,2560,1293,3853,1289,5142,1563,5416,988,6404,1295,7699,1273,8972,1240,10212,411,555,10767
30,1299,1274,2573,1277,3850,1300,5150,1577,5427,1000,6427,1303,7730,1282,9012,1230,10242,411,529,10771
33,1187,1181,2368,1199,3567,1225,4792,1487,5054,974,6028,1297,7325,1372,8697,1416,10113,411,659,10772
31,1274,1278,2552,1268,3820,1292,5112,1573,5393,992,6385,1271,7656,1285,8941,1287,10228,411,546,10774
33,1290,1298,2588,1283,3871,1296,5167,1568,5439,1009,6448,1313,7761,1252,9013,1218,10231,411,544,10775
32,1229,1230,2459,1244,3703,1270,4973,1548,5251,983,6234,1287,7521,1306,8827,1307,10134,411,641,10775
36,1207,1177,2384,1195,3579,1230,4809,1494,5073,978,6051,1307,7358,1471,8829,1337,10166,412,611,10777
30,1112,1168,2280,1192,3472,1241,4713,1511,4983,1006,5989,1346,7335,1428,8763,1442,10205,412,573,10778
38,1274,1278,2552,1259,3811,1259,5070,1533,5344,979,6323,1282,7605,1309,8914,1300,10214,412,564,10778
32,1223,1226,2449,1247,3696,1263,4959,1537,5233,999,6232,1307,7539,1350,8889,1296,10185,412,593,10778
35,1298,1230,2528,1254,3782,1258,5040,1529,5311,986,6297,1314,7611,1299,8910,1295,10205,412,576,10781
31,1266,1270,2536,1281,3817,1284,5101,1560,5377,987,6364,1288,7652,1303,8955,1265,10220,412,562,10782
36,1271,1234,2505,1239,3744,1262,5006,1537,5281,988,6269,1292,7561,1321,8882,1325,10207,412,576,10783
34,1177,1192,2369,1221,3590,1252,4842,1525,5115,998,6113,1351,7464,1387,8851,1337,10188,412,596,10784
30,1261,1238,2499,1257,3756,1266,5022,1541,5297,978,6275,1288,7563,1332,8895,1313,10208,412,576,10784
30,1385,1291,2676,1314,3990,1267,5257,1544,5534,1018,6552,1237,7789,1269,9058,1217,10275,412,510,10785
31,1252,1228,2480,1238,3718,1255,4973,1527,5245,986,6231,1295,7526,1353,8879,1331,10210,412,576,10786
30,1220,1226,2446,1236,3682,1261,4943,1534,5216,989,6205,1317,7522,1352,8874,1353,10227,412,559,10786
35,1116,1156,2272,1174,3446,1189,4635,1443,4889,924,5813,1259,7072,1504,8576,1506,10082,412,706,10788
31,1371,1287,2658,1253,3911,1241,5152,1510,5421,957,6378,1240,7618,1252,8870,1301,10171,412,619,10790
37,1172,1204,2376,1228,3604,1233,4837,1500,5104,987,6091,1274,7365,1347,8712,1412,10124,412,666,10790
35,1200,1226,2426,1277,3703,1299,5002,1576,5279,1015,6294,1334,7628,1332,8960,1279,10239,412,553,10792
37,1143,1150,2293,1182,3475,1177,4652,1436,4911,928,5839,1282,7121,1584,8705,1485,10190,412,602,10792
39,1235,1219,2454,1249,3703,1274,4977,1552,5255,1001,6256,1322,7578,1325,8903,1333,10236,412,557,10793
30,1223,1237,2460,1238,3698,1260,4958,1537,5235,991,6226,1295,7521,1321,8842,1352,10194,412,599,10793
35,1257,1269,2526,1261,3787,1268,5055,1544,5331,979,6310,1293,7603,1343,8946,1314,10260,412,534,10794
39,1296,1260,2556,1265,3821,1270,5091,1546,5367,990,6357,1313,7670,1324,8994,1263,10257,412,539,10796
37,1203,1196,2399,1242,3641,1228,4869,1496,5137,972,6109,1305,7414,1364,8778,1400,10178,412,618,10796
36,1289,1256,2545,1263,3808,1273,5081,1550,5358,991,6349,1293,7642,1304,8946,1313,10259,412,538,10797
39,1296,1254,2550,1266,3816,1291,5107,1567,5383,984,6367,1261,7628,1274,8902,1294,10196,412,603,10799
38,1206,1199,2405,1200,3605,1195,4800,1455,5060,947,6007,1305,7312,1541,8853,1360,10213,412,586,10799
40,1202,1197,2399,1221,3620,1232,4852,1500,5120,982,6102,1290,7392,1342,8734,1433,10167,412,634,10801
31,1251,1245,2496,1269,3765,1274,5039,1551,5316,995,6311,1280,7591,1305,8896,1302,10198,412,604,10802
32,1260,1262,2522,1235,3757,1242,4999,1518,5275,959,6234,1287,7521,1357,8878,1320,10198,413,608,10806
40,1176,1211,2387,1244,3631,1291,4922,1570,5201,1032,6233,1345,7578,1361,8939,1312,10251,413,555,10806
34,1294,1270,2564,1270,3834,1279,5113,1562,5396,992,6388,1263,7651,1298,8949,1292,10241,413,567,10808
40,1242,1258,2500,1257,3757,1291,5048,1568,5325,1014,6339,1293,7632,1320,8952,1289,10241,413,572,10813
31,1215,1250,2465,1273,3738,1280,5018,1558,5296,1005,6301,1305,7606,1328,8934,1296,10230,413,583,10813
35,1175,1180,2355,1234,3589,1277,4866,1555,5144,1009,6153,1390,7543,1410,8953,1293,10246,413,569,10815
30,1257,1266,2523,1269,3792,1274,5066,1549,5341,995,6336,1306,7642,1320,8962,1295,10257,413,560,10817
39,1227,1211,2438,1212,3650,1248,4898,1522,5172,984,6156,1287,7443,1359,8802,1421,10223,413,594,10817
38,1224,1225,2449,1234,3683,1263,4946,1534,5217,994,6211,1327,7538,1353,8891,1329,10220,413,598,10818
36,1254,1251,2505,1248,3753,1250,5003,1525,5278,978,6256,1287,7543,1324,8867,1341,10208,413,610,10818
34,1224,1217,2441,1217,3658,1206,4864,1473,5131,960,6091,1278,7369,1372,8741,1450,10191,413,627,10818
35,1255,1257,2512,1249,3761,1279,5040,1556,5317,996,6313,1302,7615,1314,8929,1318,10247,413,571,10818
40,1245,1239,2484,1216,3700,1240,4940,1507,5207,971,6178,1286,7464,1390,8854,1373,10227,413,595,10822
35,1235,1219,2454,1272,3726,1265,4991,1550,5276,1004,6280,1297,7577,1337,8914,1308,10222,413,600,10822
36,1378,1268,2646,1264,3910,1274,5184,1543,5453,982,6435,1258,7693,1271,8964,1301,10265,413,558,10823
33,1228,1231,2459,1232,3691,1242,4933,1510,5201,988,6189,1304,7493,1338,8831,1360,10191,413,632,10823
34,1254,1242,2496,1242,3738,1260,4998,1535,5273,994,6267,1313,7580,1346,8926,1326,10252,413,572,10824
34,1166,1187,2353,1202,3555,1225,4780,1490,5045,972,6017,1334,7351,1359,8710,1431,10141,413,686,10827
40,1204,1210,2414,1221,3635,1247,4882,1519,5154,987,6141,1358,7499,1418,8917,1312,10229,413,599,10828
33,1279,1240,2519,1259,3778,1306,5084,1582,5360,984,6344,1295,7639,1316,8955,1302,10257,414,572,10829
36,1149,1180,2329,1231,3560,1258,4818,1533,5093,1004,6097,1350,7447,1408,8855,1395,10250,414,580,10830
34,1230,1234,2464,1239,3703,1260,4963,1534,5237,998,6235,1312,7547,1336,8883,1336,10219,414,611,10830
33,1149,1183,2332,1205,3537,1245,4782,1517,5054,1012,6066,1341,7407,1411,8818,1392,10210,414,620,10830
34,1143,1129,2272,1156,3428,1172,4600,1431,4859,932,5791,1314,7105,1518,8623,1511,10134,414,697,10831
39,1314,1274,2588,1261,3849,1273,5122,1547,5396,985,6381,1268,7649,1289,8938,1296,10234,414,599,10833
31,1279,1272,2551,1256,3807,1265,5072,1541,5348,990,6338,1304,7642,1331,8973,1298,10271,414,563,10834
40,1215,1189,2404,1207,3611,1223,4834,1490,5101,969,6070,1287,7357,1407,8764,1447,10211,414,627,10838
39,1261,1252,2513,1260,3773,1277,5050,1550,5323,984,6307,1305,7612,1328,8940,1310,10250,414,589,10839
36,1054,1086,2140,1129,3269,1186,4455,1436,4705,955,5660,1295,6955,1436,8391,1766,10157,414,683,10840
30,1236,1233,2469,1250,3719,1254,4973,1529,5248,1008,6256,1314,7570,1349,8919,1364,10283,414,557,10840
40,1261,1268,2529,1260,3789,1258,5047,1533,5322,992,6314,1294,7608,1320,8928,1326,10254,414,586,10840
38,1077,1179,2256,1233,3489,1289,4778,1565,5054,1022,6076,1346,7422,1414,8836,1413,10249,414,596,10845
30,1249,1237,2486,1248,3734,1267,5001,1541,5275,1003,6278,1311,7589,1334,8923,1340,10263,414,583,10846
36,1227,1241,2468,1243,3711,1261,4972,1533,5244,993,6237,1297,7534,1333,8867,1385,10252,414,595,10847
34,1251,1251,2502,1259,3761,1257,5018,1530,5291,982,6273,1319,7592,1350,8942,1318,10260,414,587,10847
36,1300,1285,2585,1278,3863,1281,5144,1558,5421,990,6411,1301,7712,1306,9018,1273,10291,414,557,10848
31,1300,1327,2627,1289,3916,1284,5200,1562,5478,997,6475,1276,7751,Err:520,Err:520,Err:520,10297,414,554,10851
37,1298,1286,2584,1285,3869,1288,5157,1564,5433,994,6427,1301,7728,1299,9027,1283,10310,414,541,10851
36,1276,1242,2518,1238,3756,1238,4994,1504,5260,976,6236,1309,7545,1336,8881,1362,10243,414,609,10852
34,1259,1260,2519,1260,3779,1268,5047,1541,5320,995,6315,1310,7625,1346,8971,1298,10269,414,584,10853
38,1297,1294,2591,1295,3886,1303,5189,1586,5472,1007,6479,1310,7789,1308,9097,1254,10351,415,506,10857
34,1283,1262,2545,1269,3814,1280,5094,1559,5373,997,6370,1300,7670,1322,8992,1291,10283,415,578,10861
37,1262,1236,2498,1200,3698,1230,4928,1504,5202,965,6167,1304,7471,1461,8932,1358,10290,415,572,10862
31,1269,1270,2539,1274,3813,1281,5094,1557,5370,984,6354,1293,7647,1306,8953,1287,10240,415,622,10862
34,1263,1234,2497,1201,3698,1231,4929,1503,5201,955,6156,1269,7425,1516,8941,1349,10290,415,572,10862
40,1264,1259,2523,1268,3791,1276,5067,1550,5341,1000,6341,1317,7658,1334,8992,1296,10288,415,577,10865
30,1204,1225,2429,1251,3680,1292,4972,1570,5250,1029,6279,1336,7615,1341,8956,1330,10286,415,584,10870
31,1257,1233,2490,1235,3725,1240,4965,1513,5238,984,6222,1283,7505,1343,8848,1376,10224,415,647,10871
36,1141,1226,2367,1211,3578,1236,4814,1509,5087,Err:520,Err:520,Err:520,7608,1411,9019,1268,10287,415,586,10873
30,1268,1281,2549,1299,3848,1302,5150,1582,5430,1014,6444,1326,7770,1329,9099,1252,10351,415,522,10873
34,1104,1127,2231,1201,3432,1242,4674,1512,4944,991,5935,1373,7308,1464,8772,1512,10284,415,590,10874
40,1286,1284,2570,1283,3853,1290,5143,1570,5423,1010,6433,1325,7758,1320,9078,1255,10333,415,543,10876
37,1078,1068,2146,1116,3262,1287,4549,1547,4809,1056,5865,1374,7239,1531,8770,1536,10306,415,571,10877
40,1207,1213,2420,1239,3659,1232,4891,1501,5160,983,6143,1291,7434,1348,8782,1428,10210,415,668,10878
36,1277,1275,2552,1258,3810,1259,5069,1534,5344,996,6340,1308,7648,1328,8976,1328,10304,416,578,10882
31,1249,1251,2500,1224,3724,1264,4988,1539,5263,985,6248,1293,7541,1344,8885,1396,10281,416,603,10884
33,1205,1218,2423,1199,3622,1213,4835,1477,5099,960,6059,1342,7401,1409,8810,1448,10258,416,629,10887
37,1280,1279,2559,1282,3841,1283,5124,1563,5404,1009,6413,1306,7719,1320,9039,1282,10321,416,570,10891
36,1289,1254,2543,1280,3823,1261,5084,1537,5360,995,6355,1306,7661,1339,9000,1314,10314,416,577,10891
37,1246,1238,2484,1238,3722,1255,4977,1528,5250,1019,6269,1340,7609,1385,8994,1262,10256,416,637,10893
35,1283,1269,2552,1272,3824,1278,5102,1556,5380,991,6371,1286,7657,1311,8968,1322,10290,416,604,10894
30,1190,1194,2384,1202,3586,1217,4803,1476,5062,949,6011,1245,7256,1270,8526,1307,9833,416,1061,10894
36,1260,1268,2528,1260,3788,1258,5046,1531,5319,990,6309,1288,7597,1303,8900,1360,10260,416,636,10896
32,1175,1182,2357,1183,3540,1195,4735,1457,4997,952,5949,1240,7189,1318,8507,1660,10167,416,733,10900
40,1240,1235,2475,1235,3710,1249,4959,1517,5227,988,6215,1315,7530,1394,8924,1374,10298,416,604,10902
37,1186,1171,2357,1194,3551,1222,4773,1484,5035,962,5997,1282,7279,1557,8836,1432,10268,416,635,10903
34,1252,1239,2491,1230,3721,1225,4946,1492,5213,955,6168,1229,7397,1417,8814,1407,10221,416,684,10905
35,1258,1269,2527,1285,3812,1282,5094,1559,5371,991,6362,1292,7654,1337,8991,1325,10316,416,590,10906
40,1264,1237,2501,1239,3740,1252,4992,1523,5263,985,6248,1313,7561,1357,8918,1376,10294,417,614,10908
34,1260,1240,2500,1247,3747,1269,5016,1544,5291,976,6267,1258,7525,1335,8860,1374,10234,417,678,10912
32,1270,1275,2545,1277,3822,1271,5093,1551,5373,990,6363,1277,7640,1291,8931,1324,10255,417,657,10912
36,1255,1246,2501,1233,3734,1244,4978,1513,5247,965,6212,1258,7470,1326,8796,1498,10294,417,620,10914
36,1229,1251,2480,1242,3722,1238,4960,1509,5231,964,6195,1282,7477,1359,8836,1453,10289,417,626,10915
30,1065,1072,2137,1094,3231,1125,4356,1373,4604,908,5512,1345,6857,1570,8427,1828,10255,417,660,10915
37,1229,1172,2401,1200,3601,1247,4848,1523,5124,1008,6132,1335,7467,1410,8877,1411,10288,417,629,10917
31,1301,1276,2577,1261,3838,1276,5114,1549,5387,998,6385,1298,7683,1314,8997,1336,10333,417,584,10917
37,1251,1233,2484,1232,3716,1231,4947,1495,5211,970,6181,1270,7451,1311,8762,1366,10128,417,790,10918
34,1267,1282,2549,1280,3829,1284,5113,1558,5387,994,6381,1335,7716,1328,9044,1291,10335,417,583,10918
32,1039,1059,2098,1097,3195,1208,4403,1471,4666,1209,5875,1472,7347,1540,8887,1416,10303,417,616,10919
36,1290,1276,2566,1285,3851,1287,5138,1565,5416,999,6415,1298,7713,1317,9030,1297,10327,417,594,10921
30,1214,1201,2415,1221,3636,1238,4874,1508,5144,976,6120,1296,7416,1383,8799,1443,10242,417,680,10922
39,1218,1228,2446,1225,3671,1257,4928,1529,5200,987,6187,1315,7502,1349,8851,1412,10263,417,661,10924
40,1260,1238,2498,1241,3739,1258,4997,1529,5268,980,6248,1304,7552,1371,8923,1376,10299,417,625,10924
36,1281,1262,2543,1250,3793,1285,5078,1562,5355,981,6336,1284,7620,1333,8953,1399,10352,417,572,10924
35,1262,1254,2516,1261,3777,1297,5074,1578,5355,1039,6394,1332,7726,1332,9058,1281,10339,417,588,10927
33,1172,1173,2345,1177,3522,1192,4714,1452,4974,959,5933,1305,7238,1432,8670,1521,10191,417,737,10928
30,1282,1265,2547,1280,3827,1278,5105,1557,5384,996,6380,1287,7667,1290,8957,1303,10260,417,672,10932
39,1226,1241,2467,1260,3727,1278,5005,1556,5283,1009,6292,1300,7592,1335,8927,1400,10327,418,607,10934
39,1276,1289,2565,1314,3879,1296,5175,1571,5450,987,6437,1270,7707,1310,9017,1334,10351,418,584,10935
32,1247,1255,2502,1256,3758,1271,5029,1545,5303,1005,6308,1320,7628,1318,8946,1388,10334,418,602,10936
40,1212,1231,2443,1257,3700,1273,4973,1551,5251,1022,6273,1328,7601,1373,8974,1389,10363,418,573,10936
35,1141,1226,2367,1211,3578,1237,4815,1509,5087,1000,6087,1332,7419,1384,8803,1507,10310,418,627,10937
33,1263,1261,2524,1266,3790,1270,5060,1545,5335,999,6334,1284,7618,1318,8936,1348,10284,418,653,10937
30,1090,1125,2215,1163,3378,1250,4628,1509,4887,1027,5914,1515,7429,1424,8853,1445,10298,418,640,10938
32,1271,1260,2531,1252,3783,1262,5045,1541,5324,1000,6324,1323,7647,1360,9007,1337,10344,418,594,10938
37,1257,1253,2510,1261,3771,1282,5053,1554,5325,993,6318,1287,7605,1310,8915,1373,10288,418,650,10938
40,1232,1239,2471,1240,3711,1255,4966,1527,5238,990,6228,1316,7544,1366,8910,1384,10294,418,645,10939
31,1261,1253,2514,1244,3758,1263,5021,1534,5292,988,6280,1324,7604,1359,8963,1381,10344,418,596,10940
35,1303,1260,2563,1289,3852,1291,5143,1565,5417,969,6386,1354,7740,1311,9051,1310,10361,418,580,10941
39,1239,1274,2513,1231,3744,1234,4978,1501,5245,962,6207,1276,7483,1337,8820,1445,10265,418,677,10942
38,1218,1220,2438,1225,3663,1232,4895,1503,5166,975,6141,1304,7445,1366,8811,1441,10252,418,690,10942
34,1258,1269,2527,1285,3812,1282,5094,1559,5371,991,6362,1292,7654,1334,8988,1336,10324,418,618,10942
32,1232,1251,2483,1248,3731,1259,4990,1532,5263,1000,6263,1328,7591,1356,8947,1381,10328,418,614,10942
33,1094,1148,2242,1190,3432,1235,4667,1504,4936,980,5916,1287,7203,1337,8540,1590,10130,418,813,10943
39,1259,1249,2508,1259,3767,1288,5055,1570,5337,996,6333,1302,7635,1314,8949,1286,10235,418,708,10943
30,1420,1200,2620,1140,3760,1189,4949,1449,5209,1056,6265,1273,7538,1446,8984,1389,10373,418,571,10944
39,1295,1283,2578,1289,3867,1283,5150,1561,5428,1002,6430,1307,7737,1338,9075,1301,10376,418,575,10951
34,1245,1240,2485,1246,3731,1254,4985,1528,5259,996,6255,1307,7562,1414,8976,1411,10387,418,565,10952
31,1239,1212,2451,1321,3772,1247,5019,1522,5294,1002,6296,1331,7627,1362,8989,1367,10356,418,601,10957
39,1289,1299,2588,1303,3891,1302,5193,1584,5475,1012,6487,1324,7811,1314,9125,1285,10410,418,548,10958
37,1261,1262,2523,1267,3790,1291,5081,1567,5357,1020,6377,1334,7711,1349,9060,1326,10386,419,574,10960
38,1298,1285,2583,1286,3869,1274,5143,1552,5421,1005,6426,1295,7721,1302,9023,1350,10373,419,588,10961
40,1246,1263,2509,1254,3763,1277,5040,1551,5314,1041,6355,1292,7647,1408,9055,1342,10397,419,565,10962
32,1149,1168,2317,1217,3534,1257,4791,1527,5061,990,6051,1377,7428,1461,8889,1437,10326,419,638,10964
36,1259,1260,2519,1280,3799,1301,5100,1576,5375,1004,6379,1347,7726,1362,9088,1289,10377,419,588,10965
36,1285,1265,2550,1248,3798,1277,5075,1550,5348,988,6336,1300,7636,1384,9020,1354,10374,419,595,10969
32,1304,1241,2545,1253,3798,1287,5085,1571,5369,1018,6387,1341,7728,1357,9085,1317,10402,419,570,10972
36,1248,1239,2487,1243,3730,1265,4995,1539,5269,999,6268,1326,7594,1343,8937,1423,10360,419,612,10972
33,1296,1301,2597,1306,3903,1324,5227,1610,5513,1022,6535,1313,7848,1293,9141,1268,10409,419,565,10974
38,1219,1203,2422,1215,3637,1230,4867,1498,5135,973,6108,1295,7403,1344,8747,1559,10306,419,669,10975
33,1248,1243,2491,1272,3763,1310,5073,1594,5357,1025,6382,1325,7707,1355,9062,1340,10402,419,574,10976
33,1225,1255,2480,1272,3752,1276,5028,1546,5298,1004,6302,1327,7629,1369,8998,1365,10363,419,614,10977
35,1261,1246,2507,1251,3758,1284,5042,1564,5322,1018,6340,1323,7663,1354,9017,1357,10374,419,604,10978
35,1284,1251,2535,1258,3793,1271,5064,1552,5345,1004,6349,1334,7683,1356,9039,1335,10374,419,606,10980
30,1174,1146,2320,1165,3485,1179,4664,1435,4920,1046,5966,1298,7264,1646,8910,1408,10318,419,662,10980
35,1276,1279,2555,1290,3845,1304,5149,1581,5426,996,6422,1294,7716,1319,9035,1355,10390,419,591,10981
34,1276,1245,2521,1245,3766,1293,5059,1575,5341,1025,6366,1342,7708,1355,9063,1336,10399,419,583,10982
30,1156,1168,2324,1190,3514,1227,4741,1499,5013,993,6006,1353,7359,1462,8821,1466,10287,419,696,10983
31,1212,1216,2428,1228,3656,1235,4891,1503,5159,975,6134,1312,7446,1392,8838,1424,10262,419,722,10984
38,1150,1147,2297,1165,3462,1223,4685,1494,4956,1043,5999,1403,7402,1529,8931,1462,10393,419,592,10985
30,1244,1253,2497,1280,3777,1290,5067,1569,5346,1003,6349,1308,7657,1328,8985,1385,10370,419,616,10986
39,1210,1204,2414,1223,3637,1246,4883,1517,5154,978,6132,1286,7418,1384,8802,1524,10326,420,660,10986
39,1263,1250,2513,1243,3756,1257,5013,1532,5288,973,6261,1307,7568,1321,8889,1401,10290,420,697,10987
40,1250,1266,2516,1279,3795,1284,5079,1563,5358,1004,6362,1304,7666,1328,8994,1331,10325,420,663,10988
40,1298,1293,2591,1297,3888,1306,5194,1594,5482,1020,6502,1322,7824,1314,9138,1298,10436,420,553,10989
31,1252,1256,2508,1260,3768,1299,5067,1583,5351,1008,6359,1327,7686,1328,9014,1371,10385,420,604,10989
33,1288,1289,2577,1299,3876,1294,5170,1577,5453,1016,6469,1314,7783,1341,9124,1274,10398,420,591,10989
36,1272,1249,2521,1250,3771,1258,5029,1530,5301,986,6287,1302,7589,1352,8941,1408,10349,420,641,10990
40,1264,1275,2539,1270,3809,1285,5094,1563,5372,996,6368,1294,7662,1352,9014,1349,10363,420,627,10990
36,1257,1248,2505,1264,3769,1294,5063,1574,5343,1011,6354,1352,7706,1349,9055,1315,10370,420,621,10991
30,1293,1284,2577,1274,3851,1277,5128,1557,5408,1001,6409,1302,7711,1337,9048,1349,10397,420,594,10991
34,1216,1156,2372,1160,3532,1189,4721,1451,4983,1074,6057,1461,7518,1427,8945,1411,10356,420,635,10991
36,1311,1315,2626,1305,3931,1298,5229,1583,5514,1011,6525,1306,7831,1321,9152,1274,10426,420,572,10998
34,1298,1292,2590,1303,3893,1306,5199,1590,5483,1021,6504,1330,7834,1325,9159,1296,10455,420,545,11000
31,1295,1262,2557,1288,3845,1307,5152,1577,5422,995,6417,1301,7718,1346,9064,1309,10373,420,631,11004
34,1271,1284,2555,1283,3838,1287,5125,1567,5405,1007,6412,1333,7745,1361,9106,1308,10414,420,590,11004
35,1267,1269,2536,1265,3801,1287,5088,1576,5377,1029,6406,1333,7739,1338,9077,1335,10412,420,593,11005
32,1215,1226,2441,1221,3662,1241,4903,1509,5171,977,6148,1313,7461,1412,8873,1480,10353,420,652,11005
33,1307,1292,2599,1282,3881,1278,5159,1546,5427,991,6418,1283,7701,1329,9030,1364,10394,420,613,11007
39,1259,1272,2531,1275,3806,1304,5110,1584,5390,1002,6392,1323,7715,1348,9063,1343,10406,420,605,11011
33,1244,1272,2516,1284,3800,1304,5104,1591,5391,1034,6425,1337,7762,1336,9098,1314,10412,421,601,11013
34,1213,1215,2428,1223,3651,1262,4913,1532,5183,1045,6228,1352,7580,1422,9002,1381,10383,421,633,11016
31,1282,1269,2551,1283,3834,1288,5122,1590,5424,1054,6478,1322,7800,1329,9129,1300,10429,421,587,11016
35,1187,1204,2391,1213,3604,1232,4836,1504,5108,1030,6138,1406,7544,1421,8965,1423,10388,421,629,11017
37,1280,1282,2562,1281,3843,1288,5131,1565,5408,1002,6410,1309,7719,1340,9059,1358,10417,421,601,11018
30,1316,1285,2601,1282,3883,1293,5176,1572,5455,1000,6455,1313,7768,1346,9114,1324,10438,421,585,11023
35,1209,1265,2474,1272,3746,1299,5045,1579,5325,1029,6354,1333,7687,1366,9053,1357,10410,421,615,11025
31,1316,1304,2620,1274,3894,1290,5184,1571,5465,1014,6479,1305,7784,1331,9115,1316,10431,421,595,11026
37,1246,1281,2527,1301,3828,1321,5149,1598,5426,1019,6445,1326,7771,1363,9134,1323,10457,421,569,11026
37,1301,1279,2580,1246,3826,1257,5083,1526,5352,991,6343,1296,7639,1343,8982,1387,10369,421,657,11026
36,1209,1214,2423,1218,3641,1239,4880,1511,5152,980,6132,1345,7477,1434,8911,1451,10362,421,664,11026
30,1288,1285,2573,1280,3853,1273,5126,1550,5403,990,6393,1280,7673,1308,8981,1493,10474,421,553,11027
35,1300,1290,2590,1297,3887,1301,5188,1589,5476,1035,6511,1349,7860,1356,9216,1279,10495,421,533,11028
39,1275,1260,2535,1261,3796,1289,5085,1564,5360,989,6349,1314,7663,1353,9016,1381,10397,421,632,11029
31,1252,1221,2473,1231,3704,1276,4980,1547,5251,991,6242,1321,7563,1354,8917,1402,10319,421,711,11030
36,1283,1302,2585,1293,3878,1313,5191,1596,5474,1027,6501,1308,7809,1339,9148,1303,10451,421,579,11030
35,1343,1292,2635,1300,3935,1323,5258,1610,5545,1021,6566,1313,7879,1323,9202,1269,10471,421,559,11030
36,1314,1286,2600,1277,3877,1276,5153,1555,5432,1015,6447,1323,7770,1351,9121,1351,10472,421,560,11032
35,1289,1277,2566,1259,3825,1266,5091,1542,5367,997,6364,1312,7676,1346,9022,1375,10397,421,635,11032
35,1159,1170,2329,1211,3540,1315,4855,1591,5131,1033,6164,1431,7595,1446,9041,1421,10462,421,570,11032
36,1261,1289,2550,1295,3845,1312,5157,1603,5448,1024,6472,1322,7794,1327,9121,1337,10458,421,575,11033
31,1225,1228,2453,1237,3690,1257,4947,1532,5222,994,6216,1322,7538,1414,8952,1450,10402,421,634,11036
37,1297,1273,2570,1244,3814,1277,5091,1568,5382,1028,6410,1341,7751,1354,9105,1341,10446,421,591,11037
40,1262,1272,2534,1274,3808,1308,5116,1588,5396,1026,6422,1358,7780,1379,9159,1304,10463,422,578,11041
39,1269,1271,2540,1276,3816,1276,5092,1556,5372,1022,6394,1331,7725,1350,9075,1355,10430,422,611,11041
39,1174,1236,2410,1252,3662,1304,4966,1579,5241,992,6233,1334,7567,1412,8979,1449,10428,422,616,11044
38,1233,1241,2474,1265,3739,1275,5014,1551,5290,1014,6304,1359,7663,1439,9102,1359,10461,422,584,11045
36,1297,1250,2547,1252,3799,1278,5077,1558,5357,1002,6359,1322,7681,1373,9054,1375,10429,422,617,11046
35,1346,1349,2695,1265,3960,1268,5228,1546,5506,976,6482,1366,7848,1279,9127,1227,10354,422,693,11047
40,1316,1308,2624,1285,3909,1280,5189,1560,5469,995,6464,1314,7778,1347,9125,1327,10452,422,597,11049
31,1323,1293,2616,1284,3900,1297,5197,1576,5476,1016,6492,1318,7810,1335,9145,1328,10473,422,577,11050
40,1273,1281,2554,1279,3833,1301,5134,1579,5412,1012,6424,1333,7757,1346,9103,1345,10448,422,604,11052
34,1286,1262,2548,1269,3817,1268,5085,1545,5362,990,6352,1293,7645,1360,9005,1442,10447,422,607,11054
36,1303,1278,2581,1292,3873,1307,5180,1585,5458,990,6448,1305,7753,1315,9068,1343,10411,422,643,11054
33,1269,1273,2542,1272,3814,1274,5088,1549,5363,986,6349,1287,7636,1350,8986,1464,10450,422,604,11054
39,1269,1280,2549,1282,3831,1284,5115,1558,5389,1009,6398,1329,7727,1368,9095,1370,10465,422,596,11061
32,1275,1261,2536,1258,3794,1260,5054,1531,5325,977,6302,1288,7590,1364,8954,1448,10402,422,659,11061
40,1285,1265,2550,1266,3816,1271,5087,1548,5364,994,6358,1300,7658,1366,9024,1384,10408,422,654,11062
40,1295,1277,2572,1281,3853,1281,5134,1557,5410,1015,6425,1351,7776,1362,9138,1339,10477,423,588,11065
38,1166,1189,2355,1218,3573,1262,4835,1541,5114,1008,6122,1380,7502,1430,8932,1433,10365,423,700,11065
32,1261,1271,2532,1278,3810,1292,5102,1576,5386,1018,6404,1334,7738,1363,9101,1359,10460,423,608,11068
37,1199,1215,2414,1259,3673,1278,4951,1555,5228,1015,6243,1371,7614,1429,9043,1428,10471,423,598,11069
33,1256,1276,2532,1300,3832,1322,5154,1610,5442,1033,6475,1344,7819,1346,9165,1318,10483,423,587,11070
40,1277,1281,2558,1286,3844,1285,5129,1558,5402,975,6377,1308,7685,1363,9048,1391,10439,423,634,11073
37,1291,1274,2565,1277,3842,1281,5123,1560,5402,998,6400,1309,7709,1296,9005,1465,10470,423,603,11073
35,1286,1281,2567,1281,3848,1288,5136,1567,5415,1010,6425,1321,7746,1362,9108,1366,10474,423,599,11073
34,1276,1238,2514,1240,3754,1258,5012,1532,5286,983,6269,1308,7577,1344,8921,1380,10301,423,772,11073
36,1303,1284,2587,1291,3878,1297,5175,1575,5453,1000,6453,1316,7769,1323,9092,1372,10464,423,611,11075
30,1248,1239,2487,1235,3722,1247,4969,1521,5243,987,6230,1305,7535,1397,8932,1484,10416,423,660,11076
38,1242,1268,2510,1272,3782,1308,5090,1588,5370,1044,6414,1360,7774,1375,9149,1333,10482,423,595,11077
34,1325,1294,2619,1272,3891,1295,5186,1581,5472,999,6471,1320,7791,1343,9134,1323,10457,423,620,11077
36,1259,1229,2488,1259,3747,1268,5015,1541,5288,1012,6300,1332,7632,1392,9024,1395,10419,423,659,11078
30,1183,1179,2362,1175,3537,1195,4732,1460,4997,1000,5997,1356,7353,1572,8925,1581,10506,423,573,11079
39,1231,1234,2465,1241,3706,1275,4981,1547,5253,978,6231,1301,7532,1491,9023,1348,10371,423,709,11080
35,1296,1279,2575,1292,3867,1289,5156,1571,5438,1011,6449,1327,7776,1356,9132,1356,10488,423,595,11083
30,1244,1245,2489,1231,3720,1239,4959,1510,5230,976,6206,1287,7493,1444,8937,1511,10448,423,635,11083
37,1330,1332,2662,1322,3984,1335,5319,1621,5605,1025,6630,1315,7945,1315,9260,1278,10538,423,547,11085
40,1265,1276,2541,1287,3828,1313,5141,1596,5424,1023,6447,1363,7810,1395,9205,1326,10531,423,554,11085
40,1274,1262,2536,1276,3812,1260,5072,1530,5342,993,6335,1285,7620,1349,8969,1431,10400,423,685,11085
35,1186,1196,2382,1214,3596,1259,4855,1533,5129,1033,6162,1404,7566,1458,9024,1432,10456,423,630,11086
37,1297,1258,2555,1257,3812,1274,5086,1544,5356,1002,6358,1338,7696,1404,9100,1375,10475,423,611,11086
35,1216,1222,2438,1261,3699,1331,5030,1621,5320,1099,6419,1421,7840,1396,9236,1303,10539,423,549,11088
34,1261,1267,2528,1261,3789,1261,5050,1533,5322,982,6304,1296,7600,1330,8930,1407,10337,423,751,11088
38,1294,1268,2562,1249,3811,1277,5088,1554,5365,998,6363,1306,7669,1384,9053,1414,10467,423,623,11090
30,1262,1250,2512,1249,3761,1250,5011,1513,5274,972,6246,1319,7565,1387,8952,1461,10413,424,678,11091
30,1042,1040,2082,1056,3138,1081,4219,1318,4456,873,5329,1154,6483,1714,8197,2146,10343,424,748,11091
37,1279,1256,2535,1272,3807,1283,5090,1561,5368,1005,6373,1328,7701,1346,9047,1416,10463,424,629,11092
33,1194,1211,2405,1230,3635,1259,4894,1532,5167,1008,6175,1355,7530,1400,8930,1504,10434,424,658,11092
36,1239,1294,2533,1314,3847,1300,5147,1581,5428,1036,6464,1356,7820,1351,9171,1340,10511,424,581,11092
37,1278,1296,2574,1288,3862,1306,5168,1591,5453,1032,6485,1341,7826,1365,9191,1329,10520,424,573,11093
33,1117,1121,2238,1125,3363,1239,4602,1505,4868,1053,5921,1398,7319,1450,8769,1643,10412,424,681,11093
40,1308,1286,2594,1308,3902,1310,5212,1596,5498,1034,6532,1349,7881,1350,9231,1301,10532,424,564,11096
35,1265,1248,2513,1247,3760,1335,5095,1612,5372,1005,6377,1311,7688,1347,9035,1417,10452,424,645,11097
39,1259,1257,2516,1271,3787,1304,5091,1583,5370,1020,6390,1331,7721,1383,9104,1382,10486,424,611,11097
40,1334,1326,2660,1278,3938,1285,5223,1570,5508,1001,6509,1312,7821,1336,9157,1354,10511,424,586,11097
40,1248,1242,2490,1266,3756,1293,5049,1573,5329,1015,6344,1345,7689,1389,9078,1386,10464,424,634,11098
35,1260,1258,2518,1273,3791,1298,5089,1579,5370,1019,6389,1359,7748,1403,9151,1336,10487,424,612,11099
33,1296,1288,2584,1284,3868,1303,5171,1589,5457,1017,6474,1338,7812,1379,9191,1341,10532,424,568,11100
33,1204,1215,2419,1249,3668,1283,4951,1562,5230,1017,6247,1342,7589,1434,9023,1451,10474,424,627,11101
39,1255,1263,2518,1283,3801,1303,5104,1582,5383,1017,6400,1342,7742,1362,9104,1381,10485,424,616,11101
39,1318,1306,2624,1268,3892,1286,5178,1564,5456,996,6452,1298,7750,1334,9084,1392,10476,424,626,11102
38,1264,1246,2510,1285,3795,1300,5095,1577,5372,1023,6395,1307,7702,1366,9068,1431,10499,424,604,11103
32,1308,1286,2594,1272,3866,1299,5165,1578,5444,1024,6468,1349,7817,1371,9188,1385,10573,424,532,11105
33,1296,1280,2576,1293,3869,1307,5176,1601,5470,998,6468,1312,7780,1362,9142,1355,10497,424,610,11107
32,1250,1270,2520,1273,3793,1283,5076,1563,5356,991,6347,1311,7658,1359,9017,1435,10452,424,655,11107
40,1286,1265,2551,1275,3826,1299,5125,1578,5404,1015,6419,1333,7752,1400,9152,1365,10517,424,590,11107
32,1323,1297,2620,1287,3907,1289,5196,1570,5477,1002,6479,1291,7770,1304,9074,1359,10433,424,675,11108
37,1304,1288,2592,1272,3864,1292,5156,1574,5438,1010,6448,1319,7767,1340,9107,1371,10478,424,632,11110
40,1355,1357,2712,1323,4035,1323,5358,1608,5643,1032,6675,1329,8004,1313,9317,1236,10553,424,558,11111
37,1287,1294,2581,1286,3867,1313,5180,1594,5461,1032,6493,1351,7844,1312,9156,1348,10504,424,610,11114
33,1257,1260,2517,1255,3772,1268,5040,1541,5313,1001,6314,1329,7643,1424,9067,1417,10484,424,630,11114
33,1267,1269,2536,1264,3800,1271,5071,1550,5350,1010,6360,1331,7691,1406,9097,1409,10506,424,610,11116
40,1261,1247,2508,1250,3758,1284,5042,1564,5322,1019,6341,1323,7664,1353,9017,1357,10374,424,743,11117
40,1273,1280,2553,1299,3852,1318,5170,1599,5451,1020,6471,1332,7803,1351,9154,1347,10501,424,616,11117
39,1215,1216,2431,1244,3675,1293,4968,1577,5252,1025,6277,1385,7662,1422,9084,1429,10513,425,605,11118
37,1282,1284,2566,1288,3854,1304,5158,1585,5439,1012,6451,1318,7769,1365,9134,1395,10529,425,591,11120
33,1218,1258,2476,1273,3749,1270,5019,1547,5296,992,6288,1297,7585,1350,8935,1520,10455,425,665,11120
37,1288,1297,2585,1288,3873,1332,5205,1619,5492,1045,6537,1379,7916,1373,9289,1274,10563,425,557,11120
40,1219,1225,2444,1239,3683,1240,4923,1503,5186,980,6166,1294,7460,1374,8834,1553,10387,425,735,11122
36,1229,1212,2441,1292,3733,1239,4972,1505,5238,1000,6238,1341,7579,1389,8968,1393,10361,425,761,11122
39,1141,1156,2297,1175,3472,1230,4702,1501,4973,1012,5985,1387,7372,1498,8870,1581,10451,425,672,11123
31,1130,1128,2258,1159,3417,1252,4669,1508,4925,992,5917,1371,7288,1530,8818,1615,10433,425,691,11124
30,1372,1281,2653,1293,3946,1294,5240,1571,5517,1012,6529,1319,7848,1344,9192,1327,10519,425,606,11125
32,1238,1238,2476,1252,3728,1268,4996,1544,5272,1027,6299,1352,7651,1379,9030,1406,10436,425,689,11125
33,1311,1308,2619,1307,3926,1313,5239,1599,5525,1023,6548,1328,7876,1338,9214,1329,10543,425,584,11127
36,1253,1268,2521,1263,3784,1275,5059,1554,5338,1001,6339,1329,7668,1401,9069,1435,10504,425,625,11129
40,1278,1287,2565,1289,3854,1300,5154,1580,5434,1012,6446,1337,7783,1366,9149,1381,10530,425,600,11130
34,1285,1302,2587,1293,3880,1313,5193,1596,5476,1028,6504,1307,7811,1353,9164,1375,10539,425,591,11130
36,1285,1258,2543,1240,3783,1262,5045,1537,5320,1013,6333,1342,7675,1403,9078,1469,10547,425,584,11131
40,1280,1270,2550,1273,3823,1275,5098,1558,5381,1013,6394,1334,7728,1376,9104,1410,10514,425,617,11131
38,1270,1273,2543,1267,3810,1271,5081,1541,5351,1000,6351,1314,7665,1383,9048,1435,10483,425,648,11131
32,1172,1174,2346,1198,3544,1245,4789,1513,5057,1073,6130,1479,7609,1502,9111,1394,10505,425,628,11133
34,1159,1171,2330,1180,3510,1214,4724,1481,4991,997,5988,1379,7367,1488,8855,1565,10420,425,713,11133
39,1286,1293,2579,1308,3887,1319,5206,1607,5494,1035,6529,1342,7871,1367,9238,1327,10565,425,571,11136
36,1226,1218,2444,1242,3686,1258,4944,1532,5218,997,6215,1343,7558,1418,8976,1486,10462,425,676,11138
34,1296,1300,2596,1256,3852,1279,5131,1559,5411,1015,6426,1313,7739,1380,9119,1398,10517,425,623,11140
36,1289,1268,2557,1266,3823,1281,5104,1555,5378,995,6373,1316,7689,1368,9057,1432,10489,425,652,11141
34,1214,1206,2420,1239,3659,1288,4947,1572,5231,1030,6261,1388,7649,1435,9084,1439,10523,425,620,11143
36,1283,1288,2571,1280,3851,1289,5140,1562,5413,1052,6465,1324,7789,1375,9164,1339,10503,426,641,11144
35,1201,1185,2386,1208,3594,1303,4897,1586,5180,1052,6232,1393,7625,1396,9021,1481,10502,426,643,11145
35,1187,1182,2369,1193,3562,1206,4768,1468,5030,944,5974,1292,7266,1444,8710,1707,10417,426,730,11147
40,1259,1270,2529,Err:520,Err:520,Err:520,Err:520,Err:520,Err:520,Err:520,Err:520,Err:520,Err:520,Err:520,Err:520,Err:520,10556,426,592,11148
39,1283,1304,2587,1327,3914,1316,5230,1599,5513,1030,6543,1339,7882,1348,9230,1334,10564,426,584,11148
30,1266,1259,2525,1262,3787,1288,5075,1565,5352,1002,6354,1330,7684,1395,9079,1420,10499,426,651,11150
38,1255,1271,2526,1289,3815,1305,5120,1590,5405,1029,6434,1343,7777,1385,9162,1390,10552,426,600,11152
34,1260,1257,2517,1273,3790,1305,5095,1584,5374,1017,6391,1334,7725,1391,9116,1412,10528,426,629,11157
34,1309,1293,2602,1304,3906,1315,5221,1598,5504,1025,6529,1351,7880,1364,9244,1340,10584,426,573,11157
35,1205,1223,2428,1249,3677,1308,4985,1590,5267,1079,6346,1399,7745,1390,9135,1369,10504,426,654,11158
36,1287,1229,2516,1223,3739,1220,4959,1483,5222,977,6199,1310,7509,1428,8937,1545,10482,426,676,11158
36,1266,1277,2543,1292,3835,1325,5160,1605,5440,1041,6481,1380,7861,1366,9227,1359,10586,426,573,11159
35,1169,1177,2346,1188,3534,1207,4741,1470,5004,942,5946,1322,7268,1477,8745,1451,10196,426,965,11161
34,1281,1274,2555,1267,3822,1302,5124,1598,5420,1029,6449,1372,7821,1392,9213,1353,10566,426,595,11161
39,1228,1248,2476,1237,3713,1266,4979,1535,5248,999,6247,1383,7630,1410,9040,1431,10471,426,691,11162
35,1222,1254,2476,1265,3741,1319,5060,1600,5341,996,6337,1321,7658,1389,9047,1423,10470,426,693,11163
33,1228,1228,2456,1264,3720,1309,5029,1593,5313,1017,6330,1372,7702,1432,9134,1415,10549,426,614,11163
35,1271,1239,2510,1228,3738,1279,5017,1553,5291,1023,6314,1350,7664,1504,9168,1359,10527,426,638,11165
40,1206,1220,2426,1278,3704,1344,5048,1626,5330,1043,6373,1342,7715,1447,9162,1430,10592,426,574,11166
31,1169,1153,2322,1175,3497,1211,4708,1476,4973,981,5954,1360,7314,1412,8726,1487,10213,426,955,11168
34,1303,1319,2622,1329,3951,1342,5293,1626,5577,1032,6609,1345,7954,1362,9316,1298,10614,427,558,11172
39,1219,1267,2486,1273,3759,1277,5036,1555,5314,998,6312,1325,7637,1405,9042,1486,10528,427,644,11172
35,1316,1317,2633,1316,3949,1320,5269,1607,5556,1024,6580,1344,7924,1345,9269,1315,10584,427,588,11172
36,1328,1320,2648,1322,3970,1322,5292,1614,5584,1038,6622,1329,7951,1336,9287,1322,10609,427,563,11172
35,1134,1178,2312,1170,3482,1200,4682,1455,4937,976,5913,1351,7264,1558,8822,1666,10488,427,685,11173
38,1194,1185,2379,1205,3584,1238,4822,1511,5095,992,6087,1335,7422,1444,8866,1542,10408,427,765,11173
35,1303,1272,2575,1275,3850,1277,5127,1554,5404,1016,6420,1313,7733,1417,9150,1420,10570,427,605,11175
40,1249,1284,2533,1295,3828,1304,5132,1586,5414,1023,6437,1365,7802,1402,9204,1379,10583,427,593,11176
36,1293,1268,2561,1284,3845,1284,5129,1566,5411,1000,6411,1318,7729,1388,9117,1396,10513,427,664,11177
34,1342,1338,2680,1332,4012,1326,5338,1642,5654,1012,6666,1328,7994,1323,9317,1296,10613,427,564,11177
30,1302,1298,2600,1312,3912,1324,5236,1610,5522,1027,6549,1342,7891,1328,9219,1369,10588,427,593,11181
32,1174,1189,2363,1212,3575,1250,4825,1522,5097,1004,6101,1371,7472,1498,8970,1542,10512,427,671,11183
33,1270,1283,2553,1274,3827,1297,5124,1573,5400,1023,6423,1347,7770,1415,9185,1393,10578,427,607,11185
30,1225,1216,2441,1221,3662,1240,4902,1508,5170,979,6149,1325,7474,1338,8812,1562,10374,427,813,11187
35,1301,1309,2610,1302,3912,1328,5240,1615,5527,1042,6569,1336,7905,1360,9265,1350,10615,427,572,11187
37,1193,1219,2412,1269,3681,1293,4974,1574,5255,1024,6279,1391,7670,1450,9120,1449,10569,427,618,11187
32,1151,1171,2322,1176,3498,1196,4694,1458,4956,992,5948,1360,7308,1558,8866,1498,10364,427,824,11188
31,1224,1234,2458,1244,3702,1254,4956,1526,5228,991,6219,1316,7535,1389,8924,1568,10492,427,696,11188
37,1278,1276,2554,1293,3847,1320,5167,1607,5454,1033,6487,1359,7846,1381,9227,1357,10584,427,605,11189
35,1264,1244,2508,1242,3750,1249,4999,1522,5272,990,6262,1323,7585,1428,9013,1510,10523,427,667,11190
35,1278,1272,2550,1283,3833,1304,5137,1585,5418,1035,6453,1356,7809,1370,9179,1374,10553,427,637,11190
40,1285,1275,2560,1268,3828,1311,5139,1594,5422,1037,6459,1392,7851,1447,9298,1316,10614,427,576,11190
32,1238,1246,2484,1253,3737,1273,5010,1556,5293,1030,6323,1375,7698,1428,9126,1434,10560,427,632,11192
30,1304,1270,2574,1307,3881,1313,5194,1611,5492,1156,6648,1338,7986,1356,9342,1313,10655,427,537,11192
35,1300,1322,2622,1317,3939,1335,5274,1625,5564,1035,6599,1343,7942,1342,9284,1325,10609,427,585,11194
36,1302,1315,2617,1311,3928,1315,5243,1600,5528,1016,6544,1330,7874,1303,9177,1379,10556,427,638,11194
38,1235,1231,2466,1241,3707,1240,4947,1511,5218,968,6186,1253,7439,1274,8713,1846,10559,427,636,11195
38,1290,1265,2555,1272,3827,1285,5112,1562,5389,1005,6394,1308,7702,1365,9067,1499,10566,428,630,11196
35,1202,1176,2378,1218,3596,1259,4855,1538,5134,1033,6167,1529,7696,1501,9197,1375,10572,428,624,11196
36,1255,1255,2510,1257,3767,1246,5013,1519,5286,982,6268,1292,7560,1489,9049,1410,10459,428,739,11198
35,1214,1234,2448,1275,3723,1343,5066,1626,5349,1027,6376,1306,7682,1354,9036,1458,10494,428,706,11200
37,1225,1201,2426,1209,3635,1222,4857,1489,5124,965,6089,1318,7407,1416,8823,1592,10415,428,787,11202
30,1277,1275,2552,1257,3809,1253,5062,1523,5332,989,6321,1327,7648,1400,9048,1490,10538,428,667,11205
31,1300,1303,2603,1311,3914,1328,5242,1613,5527,1018,6545,1329,7874,1366,9240,1355,10595,428,611,11206
37,1257,1256,2513,1257,3770,1265,5035,1541,5311,992,6303,1317,7620,1391,9011,1510,10521,428,686,11207
35,1288,1280,2568,1321,3889,1309,5198,1599,5488,1045,6533,1369,7902,1383,9285,1327,10612,428,595,11207
36,1195,1205,2400,1261,3661,1310,4971,1591,5252,1072,6324,1406,7730,1417,9147,1427,10574,428,634,11208
34,1283,1290,2573,1319,3892,1335,5227,1621,5513,1015,6528,1342,7870,1376,9246,1375,10621,428,589,11210
38,1298,1295,2593,1303,3896,1312,5208,1594,5490,1031,6521,1394,7915,1398,9313,1332,10645,428,565,11210
37,1155,1159,2314,1205,3519,1316,4835,1595,5114,1058,6172,1441,7613,1481,9094,1486,10580,428,633,11213
33,1273,1286,2559,1264,3823,1294,5117,1580,5403,1030,6433,1368,7801,1409,9210,1387,10597,428,617,11214
35,1300,1317,2617,1321,3938,1339,5277,1629,5567,1027,6594,1367,7961,1367,9328,1323,10651,428,565,11216
40,1270,1297,2567,1295,3862,1307,5169,1586,5448,1020,6468,1359,7827,1392,9219,1363,10582,428,635,11217
32,1397,1270,2667,1274,3941,1321,5262,1596,5537,1032,6569,1352,7921,1387,9308,1362,10670,428,548,11218
30,1226,1210,2436,1221,3657,1255,4912,1535,5192,1017,6209,1373,7582,1437,9019,1513,10532,428,687,11219
35,1290,1271,2561,1292,3853,1297,5150,1579,5432,1010,6442,1338,7780,1381,9161,1443,10604,428,616,11220
40,1248,1249,2497,1255,3752,1280,5032,1556,5308,1019,6327,1357,7684,1430,9114,1442,10556,428,666,11222
40,1315,1322,2637,1327,3964,1324,5288,1608,5572,1035,6607,1329,7936,1349,9285,1315,10600,429,622,11222
39,1254,1278,2532,1306,3838,1332,5170,1618,5456,1021,6477,1305,7782,1336,9118,1492,10610,429,614,11224
32,1200,1205,2405,1210,3615,1228,4843,1498,5113,968,6081,1273,7354,1473,8827,1669,10496,429,729,11225
37,1275,1283,2558,1287,3845,1311,5156,1593,5438,1036,6474,1366,7840,1401,9241,1380,10621,429,604,11225
34,1229,1232,2461,1268,3729,1290,5019,1571,5300,1030,6330,1401,7731,1449,9180,1447,10627,429,598,11225
37,1280,1281,2561,1292,3853,1292,5145,1572,5425,1014,6439,1361,7800,1421,9221,1403,10624,429,602,11226
31,1253,1243,2496,1274,3770,1259,5029,1531,5301,993,6294,1361,7655,1426,9081,1418,10499,429,729,11228
37,1298,1291,2589,1295,3884,1297,5181,1578,5462,999,6461,1299,7760,1367,9127,1450,10577,429,651,11228
38,1308,1281,2589,1278,3867,1309,5176,1592,5459,1043,6502,1363,7865,1389,9254,1369,10623,429,606,11229
35,1270,1282,2552,1250,3802,1274,5076,1552,5354,1014,6368,1343,7711,1409,9120,1423,10543,429,688,11231
32,1295,1317,2612,1297,3909,1352,5261,1636,5545,1051,6596,1396,7992,1383,9375,1313,10688,429,544,11232
36,1354,1352,2706,1330,4036,1336,5372,1627,5663,1042,6705,1323,8028,1311,9339,1310,10649,429,584,11233
36,1155,1183,2338,1202,3540,1226,4766,1492,5032,1035,6067,1430,7497,1337,8834,1752,10586,429,649,11235
40,1297,1252,2549,1256,3805,1273,5078,1545,5350,1001,6351,1355,7706,1477,9183,1425,10608,429,628,11236
34,1179,1213,2392,1240,3632,1320,4952,1610,5242,1062,6304,1400,7704,1435,9139,1449,10588,429,650,11238
35,1244,1247,2491,1244,3735,1245,4980,1516,5251,989,6240,1362,7602,1484,9086,1536,10622,429,618,11240
36,1277,1263,2540,1281,3821,1295,5116,1575,5396,1009,6405,1328,7733,1373,9106,1454,10560,429,687,11247
33,1105,1135,2240,1259,3499,1314,4813,1587,5086,1057,6143,1436,7579,1489,9068,1544,10612,429,636,11248
39,1216,1212,2428,1251,3679,1293,4972,1572,5251,1004,6255,1326,7581,1365,8946,1474,10420,429,828,11248
36,1266,1290,2556,1309,3865,1325,5190,1603,5468,1034,6502,1356,7858,1387,9245,1382,10627,430,622,11249
40,1231,1225,2456,1257,3713,1295,5008,1573,5286,1029,6315,1352,7667,1425,9092,1469,10561,430,688,11249
30,1281,1296,2577,1304,3881,1324,5205,1613,5494,1013,6507,1305,7812,1370,9182,1461,10643,430,607,11250
39,1283,1279,2562,1290,3852,1309,5161,1590,5442,1021,6463,1368,7831,1422,9253,1402,10655,430,596,11251
37,1288,1244,2532,1270,3802,1295,5097,1580,5382,1059,6441,1362,7803,1423,9226,1419,10645,430,606,11251
35,1260,1254,2514,1250,3764,1263,5027,1538,5302,977,6279,1293,7572,1523,9095,1502,10597,430,656,11253
40,1291,1289,2580,1283,3863,1293,5156,1566,5429,1016,6445,1345,7790,1387,9177,1417,10594,430,660,11254
35,1192,1198,2390,1289,3679,1325,5004,1611,5290,1058,6348,1382,7730,1445,9175,1443,10618,430,638,11256
32,1227,1210,2437,1225,3662,1236,4898,1506,5168,1151,6319,1476,7795,1545,9340,1322,10662,430,595,11257
38,1275,1286,2561,1311,3872,1364,5236,1660,5532,1050,6582,1363,7945,1379,9324,1346,10670,430,587,11257
31,1322,1302,2624,1309,3933,1325,5258,1603,5536,1025,6561,1335,7896,1387,9283,1381,10664,430,596,11260
35,1193,1182,2375,1203,3578,1234,4812,1505,5083,1038,6121,1373,7494,1646,9140,1474,10614,430,646,11260
32,1247,1259,2506,1269,3775,1295,5070,1575,5350,1025,6375,1368,7743,1436,9179,1434,10613,430,649,11262
34,1289,1292,2581,1307,3888,1304,5192,1590,5478,1021,6499,1326,7825,1341,9166,1408,10574,430,688,11262
31,1181,1189,2370,1189,3559,1201,4760,1462,5021,1024,6045,1378,7423,1552,8975,1593,10568,430,694,11262
34,1243,1256,2499,1277,3776,1289,5065,1567,5343,1006,6349,1338,7687,1440,9127,1469,10596,430,671,11267
38,1201,1213,2414,1253,3667,1313,4980,1600,5267,1041,6308,1394,7702,1471,9173,1453,10626,430,642,11268
34,1221,1241,2462,1260,3722,1300,5022,1579,5301,1027,6328,1377,7705,1457,9162,1474,10636,430,632,11268
33,1231,1243,2474,1254,3728,1259,4987,1531,5259,991,6250,1369,7619,1442,9061,1495,10556,430,713,11269
35,1194,1176,2370,1206,3576,1287,4863,1570,5146,1070,6216,1494,7710,1499,9209,1453,10662,430,607,11269
31,1207,1196,2403,1222,3625,1273,4898,1558,5183,1042,6225,1431,7656,1483,9139,1495,10634,430,635,11269
37,1271,1298,2569,1314,3883,1333,5216,1622,5505,1039,6544,1364,7908,1388,9296,1387,10683,430,587,11270
40,1196,1225,2421,1282,3703,1338,5041,1630,5333,1049,6382,1396,7778,1420,9198,1424,10622,430,649,11271
40,1295,1299,2594,1300,3894,1294,5188,1569,5463,1000,6463,1343,7806,1385,9191,1426,10617,430,655,11272
38,1293,1286,2579,1267,3846,1329,5175,1602,5448,1009,6457,1311,7768,1353,9121,1472,10593,430,681,11274
36,1391,1417,2808,1356,4164,1366,5530,1662,5826,991,6817,1280,8097,1325,9422,1291,10713,430,561,11274
33,1242,1246,2488,1295,3783,1304,5087,1584,5367,1017,6384,1371,7755,1439,9194,1449,10643,430,631,11274
36,1172,1166,2338,1193,3531,1237,4768,1525,5056,990,6046,1655,7701,1582,9283,1346,10629,430,645,11274
36,1317,1331,2648,1328,3976,1331,5307,1613,5589,1039,6628,1342,7970,1358,9328,1362,10690,430,584,11274
34,1191,1197,2388,1242,3630,1301,4931,1581,5211,1013,6224,1325,7549,1437,8986,1633,10619,431,661,11280
39,1263,1272,2535,1308,3843,1347,5190,1640,5483,1033,6516,1375,7891,1411,9302,1376,10678,431,603,11281
32,1254,1255,2509,1257,3766,1270,5036,1551,5317,1035,6352,1379,7731,1449,9180,1462,10642,431,640,11282
34,1269,1310,2579,1261,3840,1268,5108,1547,5387,1014,6401,1330,7731,1442,9173,1480,10653,431,631,11284
32,1292,1299,2591,1298,3889,1297,5186,1571,5460,1007,6467,1346,7813,1384,9197,1427,10624,431,662,11286
35,1280,1257,2537,1266,3803,1279,5082,1557,5360,1012,6372,1360,7732,1438,9170,1481,10651,431,638,11289
36,1389,1368,2757,1367,4124,1370,5494,1662,5786,1042,6828,1313,8141,1313,9454,1283,10737,431,553,11290
31,1236,1246,2482,1240,3722,1252,4974,1517,5239,971,6210,1311,7521,1503,9024,1594,10618,431,673,11291
37,1271,1277,2548,1274,3822,1295,5117,1578,5400,1010,6410,1338,7748,1558,9306,1425,10731,431,561,11292
36,1337,1320,2657,1329,3986,1350,5336,1641,5627,1039,6666,1352,8018,1366,9384,1362,10746,431,548,11294
37,1258,1252,2510,1251,3761,1264,5025,1540,5301,983,6284,1301,7585,1431,9016,1607,10623,431,672,11295
35,1345,1268,2613,1282,3895,1297,5192,1579,5474,1029,6503,1347,7850,1409,9259,1421,10680,431,615,11295
37,1328,1318,2646,1315,3961,1318,5279,1605,5566,1044,6610,1347,7957,1349,9306,1329,10635,431,661,11296
35,1264,1270,2534,1285,3819,1309,5128,1592,5411,1040,6451,1362,7813,1376,9189,1429,10618,431,679,11297
37,1297,1310,2607,1286,3893,1326,5219,1610,5503,1031,6534,1378,7912,1392,9304,1372,10676,431,622,11298
39,1329,1335,2664,1330,3994,1341,5335,1629,5623,1037,6660,1354,8014,1361,9375,1338,10713,431,585,11298
30,1261,1255,2516,1268,3784,1277,5061,1555,5339,1022,6361,1362,7723,1474,9197,1455,10652,431,647,11299
32,1256,1277,2533,1296,3829,1323,5152,1611,5440,1033,6473,1374,7847,1413,9260,1410,10670,431,630,11300
32,1243,1230,2473,1233,3706,1273,4979,1567,5273,1003,6276,1389,7665,1479,9144,1438,10582,431,718,11300
34,1255,1323,2578,1289,3867,1301,5168,1592,5459,1020,6479,1360,7839,1406,9245,1423,10668,432,633,11301
36,1208,1204,2412,1202,3614,1244,4858,1513,5127,980,6107,1319,7426,1374,8800,1544,10344,432,966,11310
37,1314,1294,2608,1278,3886,1293,5179,1574,5460,1008,6468,1371,7839,1425,9264,1440,10704,432,606,11310
30,1220,1305,2525,1287,3812,1333,5145,1610,5422,1046,6468,1372,7840,1405,9245,1384,10629,432,682,11311
34,1245,1252,2497,1267,3764,1314,5078,1594,5358,1045,6403,1464,7867,1413,9280,1439,10719,432,593,11312
30,1271,1240,2511,1242,3753,1271,5024,1552,5305,1015,6320,1375,7695,1460,9155,1506,10661,432,653,11314
35,1290,1269,2559,1283,3842,1277,5119,1558,5400,1012,6412,1362,7774,1415,9189,1491,10680,432,634,11314
30,1140,1186,2326,1277,3603,1284,4887,1563,5166,1006,6172,1346,7518,1314,8832,1791,10623,432,692,11315
32,1254,1262,2516,1255,3771,1288,5059,1568,5339,1032,6371,1405,7776,1459,9235,1407,10642,432,675,11317
40,1239,1222,2461,1202,3663,1239,4902,1511,5174,975,6149,1296,7445,1295,8740,1634,10374,432,946,11320
36,1295,1279,2574,1255,3829,1295,5124,1574,5403,1046,6449,1378,7827,1415,9242,1439,10681,432,639,11320
37,1314,1322,2636,1327,3963,1337,5300,1620,5583,1035,6618,1360,7978,1372,9350,1365,10715,432,606,11321
39,1347,1351,2698,1356,4054,1358,5412,1651,5705,1032,6737,1355,8092,1348,9440,1314,10754,432,567,11321
34,1203,1202,2405,1222,3627,1285,4912,1563,5190,1022,6212,1339,7551,1402,8953,1599,10552,432,770,11322
31,1255,1268,2523,1298,3821,1319,5140,1601,5422,1043,6465,1384,7849,1424,9273,1443,10716,432,607,11323
35,1280,1270,2550,1269,3819,1280,5099,1557,5376,1007,6383,1341,7724,1425,9149,1491,10640,432,683,11323
37,1351,1356,2707,1350,4057,1357,5414,1656,5713,1055,6768,1362,8130,1337,9467,1274,10741,432,583,11324
39,1332,1299,2631,1288,3919,1316,5235,1605,5524,1037,6561,1344,7905,1375,9280,1425,10705,432,619,11324
33,1201,1211,2412,1201,3613,1227,4840,1500,5113,1021,6134,1408,7542,1509,9051,1563,10614,432,711,11325
40,1238,1244,2482,1265,3747,1303,5050,1583,5330,1050,6380,1433,7813,1468,9281,1441,10722,433,607,11329
33,1187,1175,2362,1197,3559,1198,4757,1463,5022,970,5992,1262,7254,1400,8654,1737,10391,433,939,11330
31,1174,1158,2332,1172,3504,1181,4685,1436,4940,936,5876,1235,7111,1570,8681,1837,10518,433,814,11332
36,1331,1341,2672,1354,4026,1363,5389,1651,5677,1021,6698,1356,8054,1362,9416,1342,10758,433,576,11334
39,1300,1293,2593,1307,3900,1321,5221,1605,5505,1029,6534,1342,7876,1404,9280,1428,10708,433,627,11335
40,1302,1273,2575,1265,3840,1270,5110,1545,5385,992,6377,1298,7675,1462,9137,1578,10715,433,620,11335
40,1337,1355,2692,1351,4043,1356,5399,1656,5699,1051,6750,1338,8088,1339,9427,1334,10761,433,575,11336
33,1199,1231,2430,1252,3682,1304,4986,1589,5271,1046,6317,1392,7709,1447,9156,1456,10612,433,725,11337
34,1308,1265,2573,1284,3857,1331,5188,1619,5476,1052,6528,1387,7915,1414,9329,1388,10717,433,620,11337
38,1262,1275,2537,1273,3810,1279,5089,1553,5363,1017,6380,1351,7731,1399,9130,1555,10685,433,653,11338
34,1310,1307,2617,1311,3928,1304,5232,1588,5516,1037,6553,1328,7881,1401,9282,1432,10714,433,624,11338
39,1277,1280,2557,1282,3839,1300,5139,1586,5425,1022,6447,1361,7808,1416,9224,1436,10660,433,681,11341
39,1318,Err:520,Err:520,Err:520,3961,1341,5302,1631,5592,1056,6648,1378,8026,1370,9396,1337,10733,433,608,11341
30,1176,1211,2387,1269,3656,1341,4997,1622,5278,1043,6321,1381,7702,1492,9194,1491,10685,433,659,11344
40,1287,1260,2547,1271,3818,1297,5115,1577,5395,1049,6444,1398,7842,1442,9284,1458,10742,433,602,11344
30,1245,1253,2498,1249,3747,1269,5016,1541,5288,1008,6296,1383,7679,1520,9199,1513,10712,433,632,11344
39,1241,1246,2487,1209,3696,1210,4906,1475,5171,968,6139,1340,7479,1547,9026,1486,10512,433,834,11346
35,1129,1179,2308,1211,3519,1256,4775,1530,5049,1063,6112,1398,7510,1485,8995,1576,10571,433,776,11347
34,1196,1238,2434,1269,3703,1293,4996,1576,5279,1062,6341,1491,7832,1483,9315,1419,10734,433,614,11348
38,1262,1293,2555,1296,3851,1350,5201,1643,5494,1061,6555,1371,7926,1416,9342,1401,10743,433,606,11349
31,1251,1232,2483,1241,3724,1255,4979,1527,5251,978,6229,1374,7603,1467,9070,1571,10641,433,709,11350
30,1296,1261,2557,1291,3848,1292,5140,1573,5421,1038,6459,1363,7822,1428,9250,1479,10729,433,622,11351
37,1264,1275,2539,1288,3827,1318,5145,1622,5449,1046,6495,1398,7893,1435,9328,1409,10737,433,615,11352
38,1264,1275,2539,1288,3827,1318,5145,1622,5449,1046,6495,1398,7893,1435,9328,1409,10737,433,615,11352
36,1204,1210,2414,1206,3620,1263,4883,1542,5162,1037,6199,1393,7592,1484,9076,1539,10615,434,739,11354
35,1284,1275,2559,1281,3840,1298,5138,1581,5421,1036,6457,1346,7803,1444,9247,1474,10721,434,633,11354
31,1235,1245,2480,1260,3740,1282,5022,1560,5300,1023,6323,1389,7712,1442,9154,1507,10661,434,694,11355
37,1230,1232,2462,1243,3705,1257,4962,1525,5230,1004,6234,1317,7551,1494,9045,1585,10630,434,725,11355
36,1291,1294,2585,1294,3879,1288,5167,1568,5447,1014,6461,1355,7816,1426,9242,1458,10700,434,657,11357
36,1278,1287,2565,1284,3849,1322,5171,1610,5459,1055,6514,1344,7858,1434,9292,1430,10722,434,636,11358
32,1323,1331,2654,1344,3998,1364,5362,1661,5659,1054,6713,1384,8097,1373,9470,1326,10796,434,563,11359
31,1250,1258,2508,1267,3775,1296,5071,1573,5348,1035,6383,1378,7761,1457,9218,1490,10708,434,652,11360
36,1236,1253,2489,1311,3800,1363,5163,1655,5455,1070,6525,1414,7939,1456,9395,1364,10759,434,601,11360
32,1223,1222,2445,1230,3675,1256,4931,1534,5209,1000,6209,1314,7523,1472,8995,1714,10709,434,651,11360
33,1255,1251,2506,1262,3768,1290,5058,1568,5336,1008,6344,1308,7652,1316,8968,1541,10509,434,852,11361
38,1298,1330,2628,1370,3998,1365,5363,1655,5653,1052,6705,1343,8048,1368,9416,1366,10782,434,580,11362
36,1286,1276,2562,1277,3839,1295,5134,1581,5420,1068,6488,1404,7892,1417,9309,1456,10765,434,597,11362
38,1174,1179,2353,1197,3550,1297,4847,1572,5122,1088,6210,1518,7728,1585,9313,1472,10785,434,577,11362
35,1293,1282,2575,1259,3834,1295,5129,1589,5423,1026,6449,1352,7801,1488,9289,1428,10717,434,647,11364
30,1227,1269,2496,1282,3778,1271,5049,1553,5331,1007,6338,1353,7691,1458,9149,1535,10684,434,681,11365
37,1303,1287,2590,1315,3905,1293,5198,1577,5482,1012,6494,1342,7836,1426,9262,1470,10732,434,633,11365
40,1310,1302,2612,1307,3919,1331,5250,1618,5537,1041,6578,1376,7954,1405,9359,1399,10758,434,608,11366
38,1305,1301,2606,1287,3893,1324,5217,1615,5508,1046,6554,1363,7917,1410,9327,1417,10744,434,622,11366
40,1235,1252,2487,1274,3761,1286,5047,1565,5326,1051,6377,1369,7746,1480,9226,1470,10696,434,670,11366
31,1260,1256,2516,1257,3773,1282,5055,1560,5333,1008,6341,1316,7657,1451,9108,1506,10614,434,753,11367
37,1305,1328,2633,1315,3948,1328,5276,1622,5570,1038,6608,1370,7978,1389,9367,1386,10753,434,615,11368
39,1306,1335,2641,1329,3970,1335,5305,1625,5595,1046,6641,1361,8002,1387,9389,1363,10752,434,617,11369
33,1306,1319,2625,1332,3957,1322,5279,1604,5561,1048,6609,1360,7969,1362,9331,1416,10747,434,622,11369
30,1233,1251,2484,1240,3724,1240,4964,1509,5233,969,6202,1264,7466,1319,8785,1588,10373,434,997,11370
38,1307,1320,2627,1303,3930,1301,5231,1578,5508,1027,6535,1340,7875,1389,9264,1461,10725,434,645,11370
38,1374,1342,2716,1328,4044,1335,5379,1626,5670,1139,6809,1332,8141,1344,9485,1328,10813,434,558,11371
34,1265,1259,2524,1277,3801,1310,5111,1591,5392,1045,6437,1408,7845,1455,9300,1431,10731,434,645,11376
40,1266,1259,2525,1281,3806,1287,5093,1568,5374,1037,6411,1416,7827,1474,9301,1441,10742,434,634,11376
36,1281,1295,2576,1302,3878,1329,5207,1620,5498,1059,6557,1384,7941,1428,9369,1403,10772,434,604,11376
30,1250,1239,2489,1247,3736,1254,4990,1529,5265,988,6253,1350,7603,1519,9122,1601,10723,434,654,11377
31,1262,1251,2513,1248,3761,1272,5033,1545,5306,1019,6325,1415,7740,1472,9212,1487,10699,434,678,11377
37,1233,1223,2456,1238,3694,1258,4952,1537,5231,994,6225,1448,7673,1442,9115,1489,10604,434,774,11378
35,1302,1314,2616,1314,3930,1339,5269,1626,5556,1075,6631,1401,8032,1382,9414,1372,10786,434,593,11379
33,1224,1229,2453,1245,3698,1273,4971,1549,5247,1034,6281,1367,7648,1471,9119,1544,10663,435,716,11379
36,1271,1282,2553,1288,3841,1323,5164,1609,5450,1042,6492,1372,7864,1451,9315,1437,10752,435,628,11380
31,1258,1283,2541,1292,3833,1318,5151,1600,5433,1031,6464,1391,7855,1433,9288,1474,10762,435,619,11381
33,1312,1316,2628,1340,3968,1325,5293,1607,5575,990,6565,1351,7916,1433,9349,1434,10783,435,599,11382
39,1366,1349,2715,1342,4057,1337,5394,1628,5685,1044,6729,1343,8072,1366,9438,1371,10809,435,574,11383
39,1253,1275,2528,1301,3829,1316,5145,1600,5429,1045,6474,1327,7801,1480,9281,1511,10792,435,591,11383
37,1385,1322,2707,1344,4051,1350,5401,1636,5687,1024,6711,1345,8056,1351,9407,1364,10771,435,612,11383
33,1291,1297,2588,1284,3872,1295,5167,1567,5439,1009,6448,1317,7765,1368,9133,1547,10680,435,703,11383
30,1137,1160,2297,1212,3509,1271,4780,1552,5061,1086,6147,1486,7633,1520,9153,1559,10712,435,672,11384
35,1245,1223,2468,1245,3713,1306,5019,1596,5309,1047,6356,1393,7749,1483,9232,1486,10718,435,666,11384
35,1221,1265,2486,1228,3714,1270,4984,1553,5267,1004,6271,1353,7624,1388,9012,1619,10631,435,753,11384
30,1262,1264,2526,1253,3779,1271,5050,1550,5329,1022,6351,1366,7717,1470,9187,1517,10704,435,681,11385
34,1270,1265,2535,1248,3783,1301,5084,1586,5369,1042,6411,1371,7782,1436,9218,1486,10704,435,681,11385
40,1335,1332,2667,1319,3986,1333,5319,1620,5606,1030,6636,1360,7996,1397,9393,1377,10770,435,619,11389
39,1243,1265,2508,1276,3784,1275,5059,1558,5342,1013,6355,1398,7753,1472,9225,1540,10765,435,625,11390
40,1331,1305,2636,1311,3947,1343,5290,1637,5584,1056,6640,1384,8024,1376,9400,1394,10794,435,598,11392
40,1343,1336,2679,1365,4044,1347,5391,1643,5687,1060,6747,1376,8123,1360,9483,1315,10798,435,594,11392
35,1207,1229,2436,1243,3679,1269,4948,1545,5224,997,6221,1336,7557,1452,9009,1689,10698,435,695,11393
31,1255,1249,2504,1259,3763,1268,5031,1542,5305,1002,6307,1359,7666,1423,9089,1475,10564,435,829,11393
39,1259,1265,2524,1291,3815,1309,5124,1585,5400,1023,6423,1347,7770,1389,9159,1486,10645,435,749,11394
30,1304,1318,2622,1335,3957,1349,5306,1637,5594,1052,6646,1382,8028,1395,9423,1372,10795,435,600,11395
40,1334,1330,2664,1346,4010,1371,5381,1667,5677,1007,6684,1353,8037,1374,9411,1364,10775,435,620,11395
32,1221,1206,2427,1183,3610,1251,4861,1532,5142,1079,6221,1457,7678,1528,9206,1542,10748,435,647,11395
38,1285,1287,2572,1300,3872,1312,5184,1609,5481,1038,6519,1388,7907,1424,9331,1429,10760,435,635,11395
33,1254,1242,2496,1240,3736,1230,4966,1499,5235,995,6230,1317,7547,1490,9037,1598,10635,435,761,11396
30,1292,1290,2582,1285,3867,1293,5160,1574,5441,1007,6448,1332,7780,1447,9227,1541,10768,435,629,11397
31,1237,1228,2465,1232,3697,1269,4966,1547,5244,1032,6276,1378,7654,1503,9157,1540,10697,435,700,11397
32,1139,1151,2290,1178,3468,1256,4724,1535,5003,1097,6100,1534,7634,1515,9149,1516,10665,435,733,11398
39,1267,1277,2544,1289,3833,1305,5138,1588,5421,1035,6456,1390,7846,1494,9340,1437,10777,435,622,11399
34,1167,1229,2396,1208,3604,1219,4823,1484,5088,979,6067,1357,7424,1642,9066,1743,10809,435,590,11399
39,1314,1301,2615,1309,3924,1330,5254,1616,5540,1042,6582,1369,7951,1421,9372,1408,10780,435,619,11399
38,1297,1297,2594,1299,3893,1304,5197,1588,5481,1031,6512,1386,7898,1430,9328,1428,10756,435,643,11399
31,1254,1267,2521,1274,3795,1274,5069,1551,5346,1090,6436,1347,7783,1453,9236,1509,10745,435,657,11402
34,1262,1268,2530,1260,3790,1259,5049,1532,5322,1021,6343,1388,7731,1483,9214,1503,10717,435,685,11402
40,1272,1270,2542,1273,3815,1275,5090,1555,5370,1006,6376,1349,7725,1443,9168,1549,10717,435,686,11403
36,1330,1222,2552,1244,3796,1289,5085,1567,5363,1040,6403,1398,7801,1530,9331,1470,10801,435,603,11404
37,1326,1314,2640,1329,3969,1328,5297,1617,5586,1035,6621,1365,7986,1415,9401,1392,10793,436,613,11406
34,1114,1149,2263,1164,3427,1202,4629,1467,4894,985,5879,1488,7367,1860,9227,1536,10763,436,644,11407
40,1299,1261,2560,1279,3839,1311,5150,1595,5434,1039,6473,1399,7872,1428,9300,1519,10819,436,588,11407
37,1160,1163,2323,1248,3571,1336,4907,1617,5188,1037,6225,1360,7585,1550,9135,1596,10731,436,676,11407
30,1199,1231,2430,1264,3694,1271,4965,1546,5240,1009,6249,1382,7631,1461,9092,1635,10727,436,681,11408
33,1260,1265,2525,1267,3792,1297,5089,1577,5369,1014,6383,1326,7709,1412,9121,1527,10648,436,760,11408
38,1228,1235,2463,1262,3725,1303,5028,1585,5310,1057,6367,1417,7784,1494,9278,1468,10746,436,666,11412
37,1340,1344,2684,1348,4032,1355,5387,1648,5680,1057,6737,1380,8117,1386,9503,1321,10824,436,588,11412
33,1274,1274,2548,1275,3823,1303,5126,1588,5411,1036,6447,1359,7806,1423,9229,1506,10735,436,678,11413
35,1313,1291,2604,1298,3902,1290,5192,1573,5475,1008,6483,1317,7800,1394,9194,1581,10775,436,638,11413
39,1293,1284,2577,1287,3864,1304,5168,1588,5452,1050,6502,1390,7892,1452,9344,1410,10754,436,659,11413
36,1238,1227,2465,1208,3673,1265,4938,1539,5212,1030,6242,1385,7627,1520,9147,1549,10696,436,718,11414
38,1248,1255,2503,1258,3761,1293,5054,1580,5341,1049,6390,1408,7798,1478,9276,1470,10746,436,668,11414
35,1345,1365,2710,1363,4073,1399,5472,1696,5769,1132,6901,1309,8210,1332,9542,1297,10839,436,581,11420
33,1307,1283,2590,1321,3911,1393,5304,1689,5600,1076,6676,1367,8043,1385,9428,1382,10810,436,610,11420
40,1227,1257,2484,1303,3787,1310,5097,1590,5377,1064,6441,1388,7829,1467,9296,1475,10771,436,651,11422
34,1253,1274,2527,1300,3827,1347,5174,1637,5464,1072,6536,1412,7948,1469,9417,1406,10823,436,601,11424
30,1264,1254,2518,1254,3772,1254,5026,1530,5302,997,6299,1383,7682,1554,9236,1561,10797,436,627,11424
40,1253,1267,2520,1253,3773,1264,5037,1540,5313,1013,6326,1387,7713,1486,9199,1527,10726,436,699,11425
40,1357,1347,2704,1341,4045,1337,5382,1633,5678,1045,6723,1368,8091,1395,9486,1350,10836,436,589,11425
32,1356,1314,2670,1302,3972,1323,5295,1612,5584,1040,6624,1374,7998,1397,9395,1395,10790,436,635,11425
36,1217,1215,2432,1230,3662,1263,4925,1539,5201,1018,6219,1371,7590,1381,8971,1660,10631,436,795,11426
38,1229,1229,2458,1238,3696,1255,4951,1534,5230,1037,6267,1439,7706,1545,9251,1559,10810,436,619,11429
33,1306,1310,2616,1284,3900,1291,5191,1574,5474,1015,6489,1340,7829,1393,9222,1516,10738,436,691,11429
38,1353,1343,2696,1344,4040,1359,5399,1652,5692,1066,6758,1359,8117,1380,9497,1341,10838,436,592,11430
40,1269,1269,2538,1298,3836,1331,5167,1626,5462,1070,6532,1404,7936,1425,9361,1431,10792,436,638,11430
34,1190,1218,2408,1222,3630,1253,4883,1526,5156,997,6153,1468,7621,1587,9208,1526,10734,436,697,11431
32,1306,1286,2592,1268,3860,1262,5122,1538,5398,998,6396,1356,7752,1489,9241,1542,10783,437,651,11434
34,1291,1304,2595,1328,3923,1345,5268,1637,5560,1043,6603,1379,7982,1403,9385,1399,10784,437,651,11435
36,1141,1163,2304,1250,3554,1279,4833,1572,5126,1116,6242,1459,7701,1534,9235,1550,10785,437,651,11436
35,1291,1277,2568,1299,3867,1327,5194,1616,5483,1056,6539,1405,7944,1459,9403,1438,10841,437,598,11439
40,1362,1349,2711,1350,4061,1355,5416,1648,5709,1056,6765,1366,8131,1375,9506,1336,10842,437,599,11441
39,1347,1270,2617,1291,3908,1330,5238,1621,5529,1024,6553,1345,7898,1420,9318,1467,10785,437,656,11441
36,1271,1249,2520,1252,3772,1275,5047,1552,5324,1024,6348,1498,7846,1728,9574,1307,10881,437,560,11441
36,1142,1190,2332,1206,3538,1245,4783,1518,5056,1008,6064,1401,7465,1657,9122,1674,10796,437,646,11442
31,1279,1276,2555,1269,3824,1277,5101,1551,5375,1014,6389,1357,7746,1474,9220,1537,10757,437,685,11442
35,1312,1320,2632,1310,3942,1347,5289,1638,5580,1057,6637,1394,8031,1426,9457,1397,10854,437,590,11444
37,1274,1276,2550,1314,3864,1376,5240,1677,5541,1086,6627,1414,8041,1413,9454,1380,10834,437,610,11444
32,1220,1253,2473,1281,3754,1409,5163,1694,5448,1077,6525,1430,7955,1446,9401,1419,10820,437,627,11447
34,1257,1248,2505,1256,3761,1258,5019,1534,5295,1011,6306,1441,7747,1480,9227,1532,10759,437,692,11451
30,1203,1203,2406,1219,3625,1239,4864,1512,5137,1047,6184,1494,7678,1551,9229,1575,10804,437,648,11452
36,1292,1287,2579,1297,3876,1337,5213,1619,5495,1056,6551,1413,7964,1406,9370,1453,10823,437,630,11453
40,1337,1348,2685,1345,4030,1339,5369,1631,5661,1041,6702,1360,8062,1398,9460,1394,10854,437,600,11454
38,1277,1305,2582,1301,3883,1338,5221,1629,5512,1060,6572,1402,7974,1428,9402,1442,10844,437,610,11454
34,1289,1278,2567,1295,3862,1311,5173,1599,5461,1055,6516,1405,7921,1456,9377,1441,10818,437,636,11454
32,1258,1267,2525,1195,3720,1213,4933,1474,5194,959,6153,1348,7501,1570,9071,1650,10721,437,734,11455
34,1259,1278,2537,1271,3808,1289,5097,1569,5377,1032,6409,1353,7762,1440,9202,1558,10760,437,696,11456
31,1202,1212,2414,1227,3641,1278,4919,1557,5198,1108,6306,1483,7789,1546,9335,1431,10766,437,690,11456
40,1355,1333,2688,1342,4030,1349,5379,1642,5672,1050,6722,1379,8101,1405,9506,1365,10871,437,587,11458
36,1275,1280,2555,1284,3839,1282,5121,1565,5404,1010,6414,1360,7774,1450,9224,1558,10782,438,677,11459
31,1237,1252,2489,1270,3759,1245,5004,1514,5273,1006,6279,1361,7640,1530,9170,1629,10799,438,661,11460
38,1234,1264,2498,1307,3805,1358,5163,1661,5466,1093,6559,1408,7967,1439,9406,1437,10843,438,617,11460
30,1274,1265,2539,1288,3827,1335,5162,1620,5447,1046,6493,1376,7869,1461,9330,1499,10829,438,632,11461
40,1277,1277,2554,1276,3830,1297,5127,1575,5405,1092,6497,1432,7929,1406,9335,1420,10755,438,707,11462
39,1321,1353,2674,1362,4036,1343,5379,1629,5665,1049,6714,1388,8102,1399,9501,1379,10880,438,585,11465
38,1270,1283,2553,1307,3860,1347,5207,1642,5502,1074,6576,1436,8012,1490,9502,1370,10872,438,593,11465
34,1259,1265,2524,1265,3789,1283,5072,1568,5357,1022,6379,1329,7708,1444,9152,1627,10779,438,687,11466
39,1266,1265,2531,1270,3801,1304,5105,1592,5393,1054,6447,1425,7872,1463,9335,1463,10798,438,670,11468
39,1227,1212,2439,1204,3643,1236,4879,1508,5151,986,6137,1346,7483,1591,9074,1676,10750,438,718,11468
36,1287,1277,2564,1289,3853,1295,5148,1579,5432,1054,6486,1391,7877,1520,9397,1460,10857,438,612,11469
36,1254,1259,2513,1268,3781,1293,5074,1575,5356,1038,6394,1400,7794,1487,9281,1511,10792,438,678,11470
33,1162,1198,2360,1195,3555,1240,4795,1513,5068,1022,6090,1413,7503,1685,9188,1600,10788,438,682,11470
39,1283,1261,2544,1274,3818,1298,5116,1579,5397,1039,6436,1380,7816,1467,9283,1510,10793,438,678,11471
31,1281,1314,2595,1322,3917,1331,5248,1622,5539,1057,6596,1379,7975,1413,9388,1463,10851,438,620,11471
37,1207,1202,2409,1215,3624,1221,4845,1487,5111,971,6082,1278,7360,1455,8815,1857,10672,438,799,11471
32,1231,1238,2469,1266,3735,1325,5060,1613,5348,1060,6408,1396,7804,1480,9284,1514,10798,438,677,11475
36,1323,1374,2697,1356,4053,1363,5416,1662,5715,1046,6761,1369,8130,1372,9502,1370,10872,438,608,11480
38,1278,1303,2581,1316,3897,1339,5236,1626,5523,1057,6580,1391,7971,1434,9405,1424,10829,438,652,11481
32,1285,1287,2572,1306,3878,1327,5205,1615,5493,1046,6539,1366,7905,1439,9344,1472,10816,438,667,11483
34,1297,1311,2608,1326,3934,1345,5279,1642,5576,1041,6617,1375,7992,1391,9383,1428,10811,438,673,11484
38,1179,1165,2344,1188,3532,1244,4776,1520,5052,1031,6083,1501,7584,1603,9187,1590,10777,439,708,11485
30,1160,1178,2338,1250,3588,1410,4998,1701,5289,1140,6429,1404,7833,1462,9295,1547,10842,439,643,11485
30,1265,1263,2528,1278,3806,1309,5115,1600,5406,1064,6470,1418,7888,1442,9330,1516,10846,439,640,11486
39,1333,1311,2644,1313,3957,1311,5268,1605,5562,1034,6596,1384,7980,1430,9410,1455,10865,439,625,11490
30,1294,1285,2579,1301,3880,1297,5177,1578,5458,999,6457,1305,7762,1334,9096,1694,10790,439,702,11492
40,1287,1246,2533,1269,3802,1295,5097,1580,5382,1060,6442,1361,7803,1432,9235,1582,10817,439,678,11495
37,1244,1244,2488,1238,3726,1277,5003,1552,5278,1003,6281,1384,7665,1582,9247,1513,10760,439,739,11499
38,1268,1274,2542,1288,3830,1322,5152,1610,5440,1077,6517,1407,7924,1474,9398,1476,10874,439,625,11499
39,1322,1277,2599,1290,3889,1335,5224,1622,5511,1048,6559,1397,7956,1433,9389,1460,10849,439,651,11500
40,1240,1237,2477,1264,3741,1285,5026,1568,5309,1034,6343,1389,7732,1528,9260,1545,10805,439,695,11500
36,1311,1329,2640,1315,3955,1345,5300,1636,5591,1058,6649,1402,8051,1388,9439,1388,10827,439,675,11502
38,1269,1241,2510,1252,3762,1261,5023,1537,5299,968,6267,1306,7573,1469,9042,1685,10727,439,779,11506
36,1278,1251,2529,1278,3807,1358,5165,1646,5453,1076,6529,1403,7932,1461,9393,1490,10883,439,623,11506
39,1344,1428,2772,1457,4229,1360,5589,1654,5883,1046,6929,1346,8275,1283,9558,1319,10877,439,630,11507
38,1292,1269,2561,1265,3826,1314,5140,1594,5420,1044,6464,1416,7880,1478,9358,1504,10862,439,645,11507
37,1230,1244,2474,1259,3733,1284,5017,1568,5301,1070,6371,1434,7805,1521,9326,1561,10887,439,622,11509
30,1191,1204,2395,1230,3625,1275,4900,1560,5185,1047,6232,1374,7606,1470,9076,1665,10741,440,770,11511
37,1312,1316,2628,1299,3927,1345,5272,1630,5557,1049,6606,1397,8003,1421,9424,1444,10868,440,645,11513
40,1147,1151,2298,1228,3526,1265,4791,1540,5066,1049,6115,1429,7544,1752,9296,1601,10897,440,619,11516
36,1224,1246,2470,1266,3736,1288,5024,1566,5302,1022,6324,1399,7723,1548,9271,1506,10777,440,739,11516
39,1285,1322,2607,1359,3966,1355,5321,1646,5612,1066,6678,1395,8073,1422,9495,1400,10895,440,621,11516
36,1281,1279,2560,1290,3850,1297,5147,1574,5424,1019,6443,1340,7783,1393,9176,1586,10762,440,754,11516
40,1374,1335,2709,1330,4039,1332,5371,1622,5661,1059,6720,1359,8079,1388,9467,1414,10881,440,636,11517
38,1262,1273,2535,1268,3803,1311,5114,1600,5403,1055,6458,1413,7871,1482,9353,1514,10867,440,651,11518
40,1390,1378,2768,1375,4143,1373,5516,1673,5816,1056,6872,1350,8222,1366,9588,1355,10943,440,580,11523
37,1225,1240,2465,1279,3744,1328,5072,1619,5363,1063,6426,1376,7802,1421,9223,1546,10769,440,754,11523
39,1323,1321,2644,1323,3967,1328,5295,1618,5585,1051,6636,1388,8024,1416,9440,1439,10879,440,645,11524
37,1300,1309,2609,1297,3906,1300,5206,1582,5488,1038,6526,1399,7925,1466,9391,1476,10867,440,657,11524
40,1262,1283,2545,1295,3840,1318,5158,1607,5447,1040,6487,1388,7875,1480,9355,1513,10868,440,657,11525
30,1286,1289,2575,1291,3866,1308,5174,1597,5463,1025,6488,1353,7841,1400,9241,1630,10871,440,654,11525
36,1244,1276,2520,1288,3808,1314,5122,1599,5407,1048,6455,1372,7827,1536,9363,1528,10891,440,635,11526
39,1423,1313,2736,1309,4045,1352,5397,1644,5689,1081,6770,1402,8172,1399,9571,1368,10939,440,587,11526
40,1334,1328,2662,1335,3997,1365,5362,1655,5652,1055,6707,1394,8101,1432,9533,1404,10937,440,590,11527
40,1259,1278,2537,1281,3818,1306,5124,1589,5407,1040,6447,1409,7856,1480,9336,1514,10850,440,677,11527
32,1286,1285,2571,1292,3863,1278,5141,1558,5421,1036,6457,1383,7840,1502,9342,1587,10929,440,601,11530
40,1277,1277,2554,1320,3874,1396,5270,1678,5552,1040,6592,1349,7941,1395,9336,1508,10844,440,686,11530
31,1310,Err:520,Err:520,Err:520,3940,1366,5306,1634,5574,980,6554,1301,7855,1524,9379,1510,10889,440,642,11531
35,1238,1251,2489,1259,3748,1291,5039,1578,5326,1047,6373,1463,7836,1445,9281,1581,10862,440,669,11531
36,1303,1247,2550,1246,3796,1260,5056,1535,5331,1002,6333,1420,7753,1578,9331,1572,10903,440,631,11534
31,1098,1089,2187,1174,3361,1251,4612,1528,4889,1013,5902,1367,7269,1476,8745,2070,10815,440,721,11536
40,1290,1319,2609,1329,3938,1358,5296,1650,5588,1078,6666,1409,8075,1429,9504,1391,10895,441,642,11537
39,1297,1294,2591,1300,3891,1366,5257,1666,5557,1080,6637,1400,8037,1442,9479,1422,10901,441,636,11537
32,1216,1257,2473,1265,3738,1274,5012,1554,5292,1007,6299,1361,7660,1570,9230,1605,10835,441,703,11538
32,1276,1291,2567,1301,3868,1322,5190,1620,5488,1011,6499,1367,7866,1532,9398,1558,10956,441,584,11540
33,Err:520,Err:520,2680,1351,4031,1317,5348,1597,5628,1071,6699,1379,8078,1437,9515,1410,10925,441,615,11540
32,1249,1266,2515,1286,3801,1322,5123,1612,5413,1053,6466,1425,7891,1471,9362,1504,10866,441,674,11540
32,1315,1327,2642,1360,4002,1387,5389,1689,5691,1075,6766,1399,8165,1415,9580,1381,10961,441,580,11541
37,1295,1290,2585,1315,3900,1345,5245,1638,5538,1068,6606,1437,8043,1443,9486,1416,10902,441,643,11545
31,1254,1236,2490,1235,3725,1263,4988,1536,5261,1026,6287,1431,7718,1514,9232,1646,10878,441,669,11547
37,1242,1234,2476,1226,3702,1245,4947,1518,5220,999,6219,1286,7505,1373,8878,1794,10672,441,875,11547
36,1379,1398,2777,1395,4172,1408,5580,1715,5887,1107,6994,1398,8392,1358,9750,1255,11005,441,544,11549
35,1288,1297,2585,1353,3938,1337,5275,1622,5560,1055,6615,1402,8017,1406,9423,1443,10866,441,684,11550
31,1276,1260,2536,1271,3807,1290,5097,1569,5376,1059,6435,1469,7904,1495,9399,1498,10897,441,654,11551
37,1271,1315,2586,1340,3926,1353,5279,1651,5577,1061,6638,1403,8041,1429,9470,1450,10920,441,632,11552
36,1264,1249,2513,1287,3800,1405,5205,1694,5494,1076,6570,1440,8010,1479,9489,1440,10929,441,623,11552
37,1192,1138,2330,1162,3492,1189,4681,1454,4946,973,5919,1406,7325,1654,8979,1769,10748,441,804,11552
35,1316,1317,2633,1349,3982,1335,5317,1621,5603,1030,6633,1342,7975,1490,9465,1424,10889,441,663,11552
30,1300,1320,2620,1316,3936,1336,5272,1622,5558,1042,6600,1381,7981,1457,9438,1469,10907,441,646,11553
37,1349,1342,2691,1320,4011,1340,5351,1633,5644,1056,6700,1373,8073,1408,9481,1478,10959,441,594,11553
36,1309,1341,2650,1332,3982,1340,5322,1629,5611,1050,6661,1386,8047,1422,9469,1446,10915,441,640,11555
31,1225,1237,2462,1274,3736,1343,5079,1630,5366,1061,6427,1432,7859,1481,9340,1537,10877,441,679,11556
31,1235,1250,2485,1239,3724,1288,5012,1576,5300,1082,6382,1460,7842,1579,9421,1524,10945,441,612,11557
36,1245,1257,2502,1271,3773,1345,5118,1629,5402,1029,6431,1418,7849,1484,9333,1556,10889,442,675,11564
35,1239,1257,2496,1311,3807,1384,5191,1681,5488,1116,6604,1421,8025,1417,9442,1474,10916,442,648,11564
38,1283,1232,2515,1287,3802,1319,5121,1605,5407,1047,6454,1424,7878,1509,9387,1509,10896,442,669,11565
40,1300,1319,2619,1324,3943,1334,5277,1624,5567,1063,6630,1378,8008,1452,9460,1473,10933,442,632,11565
40,1279,1332,2611,1355,3966,1376,5342,1670,5636,1076,6712,1404,8116,1427,9543,1420,10963,442,603,11566
31,1281,1272,2553,1292,3845,1320,5165,1603,5448,1043,6491,1409,7900,1451,9351,1510,10861,442,707,11568
39,1247,1247,2494,1273,3767,1306,5073,1579,5346,1022,6368,1414,7782,1527,9309,1564,10873,442,695,11568
31,1263,1263,2526,1283,3809,1318,5127,1614,5423,1066,6489,1433,7922,1483,9405,1493,10898,442,671,11569
39,1271,1311,2582,1331,3913,1355,5268,1643,5556,1055,6611,1441,8052,1446,9498,1429,10927,442,647,11574
34,1337,1332,2669,1307,3976,1332,5308,1620,5596,1033,6629,1354,7983,1447,9430,1452,10882,442,695,11577
37,1294,1248,2542,1269,3811,1332,5143,1622,5433,1058,6491,1452,7943,1450,9393,1503,10896,442,681,11577
31,1163,1175,2338,1209,3547,1283,4830,1558,5105,1045,6150,1500,7650,1561,9211,1685,10896,442,681,11577
37,1342,1340,2682,1346,4028,1373,5401,1670,5698,1066,6764,1419,8183,1410,9593,1385,10978,442,600,11578
39,1284,1299,2583,1312,3895,1340,5235,1629,5524,1069,6593,1411,8004,1462,9466,1477,10943,442,636,11579
39,1246,1270,2516,1276,3792,1320,5112,1606,5398,1095,6493,1446,7939,1549,9488,1481,10969,442,610,11579
40,1212,1246,2458,1267,3725,1336,5061,1626,5351,1074,6425,1404,7829,1493,9322,1572,10894,442,687,11581
33,1216,1166,2382,1186,3568,1209,4777,1472,5040,1001,6041,1512,7553,1683,9236,1647,10883,442,698,11581
35,1205,1209,2414,1206,3620,1177,4797,1436,5056,898,5954,1176,7130,1308,8438,1503,9941,442,1641,11582
32,1230,1228,2458,1230,3688,1260,4948,1533,5221,989,6210,1285,7495,1396,8891,1884,10775,442,808,11583
35,1296,1298,2594,1293,3887,1319,5206,1603,5490,1085,6575,1411,7986,1516,9502,1487,10989,442,595,11584
31,1282,1270,2552,1271,3823,1298,5121,1581,5404,1031,6435,1383,7818,1453,9271,1580,10851,442,734,11585
36,1347,1333,2680,1383,4063,1333,5396,1627,5690,1053,6743,1407,8150,1438,9588,1406,10994,442,595,11589
40,1312,1330,2642,1346,3988,1377,5365,1667,5655,1073,6728,1440,8168,1450,9618,1380,10998,443,592,11590
38,1242,1264,2506,1281,3787,1337,5124,1628,5415,1078,6493,1451,7944,1517,9461,1459,10920,443,672,11592
39,1258,1275,2533,1312,3845,1341,5186,1635,5480,1059,6539,1387,7926,1445,9371,1517,10888,443,704,11592
32,1243,1251,2494,1250,3744,1287,5031,1568,5312,1017,6329,1427,7756,1517,9273,1620,10893,443,699,11592
30,1240,1232,2472,1237,3709,1261,4970,1537,5246,1012,6258,1377,7635,1572,9207,1702,10909,443,685,11594
36,1218,1187,2405,1206,3611,1217,4828,1486,5097,1044,6141,1502,7643,1796,9439,1503,10942,443,652,11594
31,1241,1229,2470,1236,3706,1234,4940,1501,5207,958,6165,1302,7467,1606,9073,1673,10746,443,849,11595
37,1333,1313,2646,1329,3975,1355,5330,1644,5619,1037,6656,1367,8023,1421,9444,1469,10913,443,684,11597
40,1265,1303,2568,1344,3912,1361,5273,1652,5564,1066,6630,1415,8045,1445,9490,1460,10950,443,647,11597
30,1238,1257,2495,1307,3802,1399,5201,1714,5516,1129,6645,1418,8063,1457,9520,1448,10968,443,629,11597
38,1141,1212,2353,1300,3653,1411,5064,1717,5370,1127,6497,1482,7979,1484,9463,1489,10952,443,649,11601
40,1366,1359,2725,1364,4089,1388,5477,1689,5778,1071,6849,1387,8236,1371,9607,1380,10987,443,615,11602
40,1326,1328,2654,1326,3980,1343,5323,1631,5611,1051,6662,1389,8051,1421,9472,1455,10927,443,676,11603
38,1301,1294,2595,1326,3921,1379,5300,1679,5600,1077,6677,1416,8093,1428,9521,1403,10924,443,681,11605
30,1163,1181,2344,1201,3545,1241,4786,1515,5060,1036,6096,1438,7534,1508,9042,1806,10848,443,759,11607
39,1356,1369,2725,1343,4068,1334,5402,1626,5694,1058,6752,1357,8109,1392,9501,1454,10955,443,653,11608
31,1272,1276,2548,1306,3854,1356,5210,1648,5502,1049,6551,1460,8011,1478,9489,1511,11000,443,609,11609
40,1281,1299,2580,1334,3914,1359,5273,1656,5570,1056,6626,1394,8020,1454,9474,1457,10931,443,678,11609
34,1368,1341,2709,1356,4065,1357,5422,1649,5714,1065,6779,1405,8184,1418,9602,1415,11017,443,592,11609
37,1294,1301,2595,1355,3950,1358,5308,1668,5618,1037,6655,1382,8037,1412,9449,1473,10922,443,688,11610
37,1278,1284,2562,1284,3846,1373,5219,1652,5498,1070,6568,1366,7934,1451,9385,1576,10961,443,650,11611
34,1271,1284,2555,1283,3838,1288,5126,1569,5407,1039,6446,1421,7867,1497,9364,1547,10911,443,701,11612
32,1262,1269,2531,1260,3791,1267,5058,1553,5344,1085,6429,1406,7835,1466,9301,1559,10860,443,752,11612
40,1301,1295,2596,1290,3886,1322,5208,1615,5501,1042,6543,1388,7931,1441,9372,1547,10919,443,694,11613
38,1229,1209,2438,1241,3679,1327,5006,1613,5292,1057,6349,1444,7793,1559,9352,1603,10955,443,660,11615
35,1290,1287,2577,1287,3864,1288,5152,1568,5432,1029,6461,1402,7863,1534,9397,1515,10912,444,703,11615
38,1321,1314,2635,1328,3963,1340,5303,1628,5591,1064,6655,1407,8062,1460,9522,1468,10990,444,627,11617
36,1238,1255,2493,1266,3759,1292,5051,1577,5336,1037,6373,1457,7830,1507,9337,1531,10868,444,751,11619
37,1303,1288,2591,1288,3879,1299,5178,1583,5462,1030,6492,1364,7856,1432,9288,1549,10837,444,783,11620
30,1169,1165,2334,1189,3523,1210,4733,1481,5004,999,6003,1369,7372,1620,8992,1786,10778,444,844,11622
30,1304,1282,2586,1293,3879,1350,5229,1642,5521,1075,6596,1429,8025,1477,9502,1481,10983,444,639,11622
36,1234,1267,2501,1274,3775,1291,5066,1571,5346,1023,6369,1387,7756,1527,9283,1612,10895,444,729,11624
33,1287,1266,2553,1301,3854,1334,5188,1626,5480,1054,6534,1368,7902,1452,9354,1560,10914,444,710,11624
33,1279,1280,2559,1273,3832,1288,5120,1566,5398,1007,6405,1387,7792,1572,9364,1558,10922,444,702,11624
35,1330,1324,2654,1303,3957,1323,5280,1605,5562,1021,6583,1362,7945,1499,9444,1509,10953,444,673,11626
37,1234,1241,2475,1307,3782,1281,5063,1566,5348,1038,6386,1354,7740,1502,9242,1682,10924,444,702,11626
40,1239,1272,2511,1333,3844,1388,5232,1684,5528,1081,6609,1453,8062,1491,9553,1441,10994,444,633,11627
38,1173,1169,2342,1204,3546,1286,4832,1565,5111,1128,6239,1555,7794,1576,9370,1596,10966,444,663,11629
31,1230,1224,2454,1242,3696,1245,4941,1512,5208,990,6198,1351,7549,1445,8994,1838,10832,444,800,11632
36,1321,1308,2629,1326,3955,1364,5319,1652,5607,1086,6693,1447,8140,1453,9593,1433,11026,444,607,11633
35,1371,1368,2739,1350,4089,1366,5455,1661,5750,1062,6812,1422,8234,1405,9639,1381,11020,444,614,11634
40,1291,1313,2604,1324,3928,1324,5252,1609,5537,1046,6583,1385,7968,1424,9392,1497,10889,444,745,11634
38,1354,1448,2802,1383,4185,1418,5603,1722,5907,1089,6996,1379,8375,1341,9716,1326,11042,444,593,11635
33,1231,1261,2492,1243,3735,1256,4991,1529,5264,994,6258,1338,7596,1655,9251,1615,10866,444,769,11635
31,1337,1317,2654,1312,3966,1329,5295,1617,5583,1050,6633,1385,8018,1400,9418,1510,10928,444,712,11640
30,1267,1297,2564,1291,3855,1285,5140,1566,5421,1045,6466,1375,7841,1476,9317,1642,10959,445,683,11642
38,1318,1267,2585,1285,3870,1322,5192,1607,5477,1060,6537,1438,7975,1525,9500,1499,10999,445,645,11644
33,1344,1349,2693,1360,4053,1371,5424,1666,5719,1062,6781,1396,8177,1424,9601,1427,11028,445,616,11644
39,1354,1348,2702,1348,4050,1344,5394,1632,5682,1051,6733,1376,8109,1438,9547,1456,11003,445,641,11644
36,1281,1268,2549,1260,3809,1298,5107,1582,5391,1041,6432,1399,7831,1522,9353,1653,11006,445,640,11646
35,1261,1264,2525,1313,3838,1346,5184,1636,5474,1069,6543,1434,7977,1502,9479,1522,11001,445,645,11646
37,1313,1291,2604,1306,3910,1334,5244,1625,5535,1054,6589,1375,7964,1458,9422,1533,10955,445,692,11647
31,1194,1230,2424,1280,3704,1343,5047,1635,5339,1136,6475,1422,7897,1538,9435,1574,11009,445,639,11648
31,1339,1350,2689,1373,4062,1395,5457,1698,5760,1078,6838,1391,8229,1394,9623,1415,11038,445,610,11648
36,1259,1272,2531,1306,3837,1331,5168,1619,5456,1035,6491,1384,7875,1455,9330,1590,10920,445,729,11649
35,1335,1343,2678,1346,4024,1342,5366,1631,5655,1043,6698,1387,8085,1429,9514,1449,10963,445,686,11649
35,1360,1364,2724,1376,4100,1383,5483,1685,5785,1086,6871,1402,8273,1394,9667,1375,11042,445,607,11649
30,1234,1181,2415,1183,3598,1214,4812,1483,5081,1019,6100,1587,7687,1685,9372,1625,10997,445,652,11649
33,1329,1353,2682,1354,4036,1358,5394,1648,5684,1053,6737,1384,8121,1416,9537,1476,11013,445,637,11650
39,1331,1324,2655,1348,4003,1374,5377,1672,5675,1094,6769,1423,8192,1419,9611,1398,11009,445,642,11651
30,1285,1281,2566,1287,3853,1320,5173,1609,5462,1051,6513,1398,7911,1450,9361,1622,10983,445,668,11651
37,1248,1232,2480,1241,3721,1252,4973,1525,5246,1001,6247,1409,7656,1702,9358,1595,10953,445,700,11653
35,1217,1233,2450,1236,3686,1264,4950,1539,5225,1010,6235,1370,7605,1470,9075,1810,10885,445,768,11653
37,1377,1370,2747,1365,4112,1384,5496,1690,5802,1095,6897,1415,8312,1420,9732,1344,11076,445,579,11655
37,1254,1254,2508,1250,3758,1269,5027,1546,5304,1050,6354,1475,7829,1547,9376,1572,10948,445,708,11656
35,1316,1290,2606,1303,3909,1341,5250,1636,5545,1070,6615,1442,8057,1467,9524,1499,11023,445,634,11657
35,1328,1322,2650,1350,4000,1364,5364,1661,5661,1079,6740,1445,8185,1444,9629,1397,11026,445,632,11658
33,1236,1194,2430,1233,3663,1323,4986,1600,5263,1023,6286,1422,7708,1543,9251,1653,10904,445,756,11660
40,1316,1343,2659,1401,4060,1359,5419,1652,5712,1049,6761,1406,8167,1447,9614,1450,11064,445,596,11660
31,1204,1244,2448,1284,3732,1337,5069,1629,5361,1073,6434,1442,7876,1515,9391,1585,10976,445,686,11662
30,1380,1379,2759,1385,4144,1389,5533,1694,5838,1087,6925,1378,8303,1397,9700,1374,11074,445,589,11663
35,1065,1072,2137,1087,3224,1130,4354,1379,4603,977,5580,1593,7173,1704,8877,1956,10833,445,832,11665
36,1266,1286,2552,1338,3890,1401,5291,1700,5590,1090,6680,1401,8081,1446,9527,1470,10997,445,668,11665
40,1279,1281,2560,1290,3850,1345,5195,1641,5491,1096,6587,1452,8039,1457,9496,1476,10972,445,693,11665
37,1313,1279,2592,1276,3868,1303,5171,1585,5453,1049,6502,1447,7949,1459,9408,1551,10959,445,707,11666
33,1269,1267,2536,1267,3803,1287,5090,1573,5376,1034,6410,1432,7842,1552,9394,1581,10975,445,691,11666
39,1267,1296,2563,1294,3857,1358,5215,1650,5507,1084,6591,1441,8032,1481,9513,1501,11014,445,653,11667
35,1232,1227,2459,1242,3701,1275,4976,1549,5250,1025,6275,1380,7655,1508,9163,1646,10809,446,861,11670
38,1253,1243,2496,1261,3757,1280,5037,1557,5314,1012,6326,1347,7673,1537,9210,1737,10947,446,723,11670
34,1155,1144,2299,1172,3471,1191,4662,1448,4919,986,5905,1445,7350,1838,9188,1760,10948,446,723,11671
32,1277,1282,2559,1287,3846,1342,5188,1636,5482,1078,6560,1405,7965,1468,9433,1595,11028,446,644,11672
37,1267,1279,2546,1313,3859,1345,5204,1636,5495,1076,6571,1438,8009,1552,9561,1484,11045,446,627,11672
40,1358,1378,2736,1383,4119,1429,5548,1735,5854,1122,6976,1442,8418,1410,9828,1316,11144,446,528,11672
38,1298,1271,2569,1250,3819,1273,5092,1554,5373,1020,6393,1371,7764,1502,9266,1638,10904,446,769,11673
38,1344,1343,2687,1331,4018,1337,5355,1629,5647,1054,6701,1384,8085,1450,9535,1486,11021,446,653,11674
34,1253,1255,2508,1320,3828,1379,5207,1679,5507,1106,6613,1457,8070,1508,9578,1450,11028,446,647,11675
36,1304,1294,2598,1288,3886,1334,5220,1628,5514,1099,6613,1483,8096,1509,9605,1455,11060,446,615,11675
35,1289,1326,2615,1322,3937,1340,5277,1632,5569,1061,6630,1414,8044,1474,9518,1525,11043,446,634,11677
40,1307,1311,2618,1340,3958,1378,5336,1675,5633,1081,6714,1419,8133,1471,9604,1446,11050,446,628,11678
33,1216,1197,2413,1212,3625,1231,4856,1499,5124,1006,6130,1344,7474,1488,8962,1863,10825,446,853,11678
34,1274,1280,2554,1272,3826,1269,5095,1545,5371,993,6364,1361,7725,1489,9214,1636,10850,446,829,11679
33,1261,1258,2519,1282,3801,1319,5120,1609,5410,1062,6472,1466,7938,1540,9478,1528,11006,446,673,11679
38,1296,1291,2587,1292,3879,1313,5192,1605,5484,1035,6519,1410,7929,1468,9397,1589,10986,446,694,11680
36,1293,1298,2591,1269,3860,1321,5181,1609,5469,1046,6515,1411,7926,1492,9418,1537,10955,446,725,11680
31,1304,1253,2557,1287,3844,1296,5140,1582,5426,1055,6481,1420,7901,1573,9474,1578,11052,446,629,11681
37,1086,1094,2180,1148,3328,Err:520,Err:520,1451,4779,981,5760,1346,7106,1901,9007,1715,10722,446,964,11686
37,1250,1260,2510,1268,3778,1332,5110,1629,5407,1092,6499,1445,7944,1547,9491,1539,11030,446,656,11686
37,1227,1256,2483,1269,3752,1352,5104,1648,5400,1096,6496,1470,7966,1526,9492,1517,11009,446,678,11687
33,1288,1295,2583,1308,3891,1319,5210,1603,5494,1013,6507,1361,7868,1471,9339,1635,10974,446,713,11687
39,1292,1303,2595,1319,3914,1331,5245,1620,5534,1047,6581,1390,7971,1501,9472,1536,11008,446,680,11688
37,1218,1206,2424,1218,3642,1237,4879,1506,5148,973,6121,1388,7509,1605,9114,1793,10907,446,783,11690
39,1282,1290,2572,1297,3869,1326,5195,1613,5482,1057,6539,1423,7962,1490,9452,1560,11012,446,679,11691
39,1257,1255,2512,1260,3772,1312,5084,1611,5383,1093,6476,1454,7930,1495,9425,1600,11025,446,666,11691
40,1303,1328,2631,1338,3969,1360,5329,1656,5625,1078,6703,1419,8122,1478,9600,1474,11074,446,617,11691
40,1303,1328,2631,1338,3969,1360,5329,1656,5625,1078,6703,1419,8122,1478,9600,1474,11074,446,617,11691
36,1313,1315,2628,1328,3956,1368,5324,1669,5625,1082,6707,1440,8147,1468,9615,1456,11071,446,622,11693
33,1250,1206,2456,1204,3660,1213,4873,1476,5136,1024,6160,1644,7804,1589,9393,1587,10980,446,713,11693
30,1246,1262,2508,1279,3787,1346,5133,1639,5426,1106,6532,1460,7992,1507,9499,1533,11032,446,661,11693
34,1326,1289,2615,1284,3899,1318,5217,1605,5504,1050,6554,1400,7954,1460,9414,1557,10971,446,722,11693
40,1238,1241,2479,1296,3775,1435,5210,1730,5505,1133,6638,1420,8058,1510,9568,1516,11084,447,612,11696
37,1318,1316,2634,1316,3950,1342,5292,1636,5586,1065,6651,1424,8075,1477,9552,1483,11035,447,664,11699
39,1339,1331,2670,1346,4016,1320,5336,1603,5619,1044,6663,1396,8059,1457,9516,1535,11051,447,648,11699
30,1296,1257,2553,1238,3791,1252,5043,1518,5309,976,6285,1323,7608,1568,9176,1853,11029,447,670,11699
35,1253,1251,2504,1276,3780,1291,5071,1573,5353,1020,6373,1399,7772,1513,9285,1630,10915,447,785,11700
38,1288,1267,2555,1277,3832,1290,5122,1576,5408,1064,6472,1393,7865,1456,9321,1660,10981,447,722,11703
31,1196,1240,2436,1276,3712,1476,5188,1764,5476,1122,6598,1455,8053,1476,9529,1568,11097,447,607,11704
38,1325,Err:520,Err:520,Err:520,3919,1306,5225,1589,5508,1048,6556,1388,7944,1424,9368,1665,11033,447,671,11704
37,1302,1284,2586,1287,3873,1337,5210,1632,5505,1072,6577,1452,8029,1516,9545,1542,11087,447,620,11707
32,1272,1265,2537,1274,3811,1306,5117,1589,5400,1023,6423,1336,7759,1393,9152,1531,10683,447,1025,11708
40,1309,1296,2605,1315,3920,1345,5265,1625,5545,1055,6600,1429,8029,1486,9515,1500,11015,447,693,11708
35,1138,1290,2428,1330,3758,1447,5205,1760,5518,1090,6608,1419,8027,1511,9538,1507,11045,447,664,11709
33,1291,1300,2591,1329,3920,1359,5279,1656,5576,1088,6664,1429,8093,1472,9565,1484,11049,447,660,11709
31,1241,1278,2519,1266,3785,1281,5066,1570,5355,1057,6412,1505,7917,1543,9460,1535,10995,447,716,11711
32,1171,1167,2338,1172,3510,1183,4693,1439,4949,972,5921,1446,7367,1682,9049,1844,10893,447,818,11711
31,1425,1402,2827,1382,4209,1389,5598,1691,5900,1080,6980,1384,8364,1374,9738,1337,11075,447,636,11711
39,1316,1294,2610,1304,3914,1355,5269,1643,5557,1064,6621,1411,8032,1471,9503,1500,11003,447,709,11712
32,1213,1244,2457,1282,3739,1333,5072,1623,5362,1088,6450,1472,7922,1490,9412,1586,10998,447,716,11714
36,1309,1322,2631,1333,3964,1355,5319,1659,5623,1122,6745,1433,8178,1466,9644,1479,11123,447,591,11714
33,1281,1272,2553,1313,3866,1341,5207,1633,5499,1066,6565,1447,8012,1501,9513,1573,11086,447,628,11714
40,1338,1317,2655,1308,3963,1338,5301,1623,5586,1047,6633,1414,8047,1486,9533,1490,11023,447,692,11715
36,1340,1322,2662,1326,3988,1355,5343,1649,5637,1071,6708,1427,8135,1476,9611,1452,11063,447,653,11716
40,1316,1353,2669,1354,4023,1367,5390,1668,5691,1084,6775,1417,8192,1428,9620,1471,11091,447,625,11716
36,1308,1286,2594,1286,3880,1306,5186,1582,5462,1015,6477,1375,7852,1514,9366,1607,10973,447,743,11716
31,1267,1251,2518,1278,3796,1353,5149,1648,5444,1069,6513,1411,7924,1549,9473,1512,10985,447,732,11717
31,1328,1312,2640,1325,3965,1312,5277,1600,5565,1100,6665,1383,8048,1540,9588,1507,11095,447,623,11718
36,1241,1236,2477,1232,3709,1270,4979,1548,5257,1160,6417,1533,7950,1548,9498,1580,11078,447,641,11719
31,1220,1211,2431,1282,3713,1364,5077,1656,5369,1101,6470,1421,7891,1499,9390,1543,10933,447,786,11719
40,1309,1290,2599,1352,3951,1384,5335,1671,5622,1050,6672,1417,8089,1458,9547,1501,11048,448,673,11721
37,1319,1307,2626,1330,3956,1355,5311,1643,5599,1068,6667,1411,8078,1462,9540,1485,11025,448,696,11721
40,1324,1307,2631,1347,3978,1398,5376,1699,5677,1087,6764,1406,8170,1470,9640,1394,11034,448,687,11721
40,1262,1300,2562,1326,3888,1367,5255,1664,5552,1108,6660,1462,8122,1497,9619,1471,11090,448,632,11722
36,1282,1287,2569,1315,3884,1335,5219,1619,5503,1054,6557,1390,7947,1484,9431,1571,11002,448,721,11723
31,1258,1265,2523,1276,3799,1333,5132,1623,5422,1077,6499,1458,7957,1623,9580,1508,11088,448,636,11724
36,1310,1289,2599,1284,3883,1347,5230,1634,5517,1034,6551,1360,7911,1511,9422,1607,11029,448,697,11726
34,1262,1263,2525,1275,3800,1311,5111,1595,5395,1068,6463,1490,7953,1571,9524,1529,11053,448,674,11727
38,1217,1229,2446,1237,3683,1557,5240,1829,5512,1017,6529,1460,7989,1481,9470,1533,11003,448,726,11729
35,1264,1257,2521,1247,3768,1263,5031,1541,5309,997,6306,1347,7653,1485,9138,1621,10759,448,972,11731
30,1285,1272,2557,1293,3850,1314,5164,1610,5460,1087,6547,1449,7996,1511,9507,1568,11075,448,660,11735
35,1285,1285,2570,1309,3879,1362,5241,1661,5540,1096,6636,1470,8106,1512,9618,1503,11121,448,616,11737
40,1353,1343,2696,1335,4031,1357,5388,1650,5681,1065,6746,1443,8189,1481,9670,1430,11100,448,637,11737
39,1260,1274,2534,1296,3830,1345,5175,1641,5471,1092,6563,1480,8043,1534,9577,1501,11078,448,662,11740
39,1246,1254,2500,1233,3733,1280,5013,1558,5291,1047,6338,1459,7797,1604,9401,1612,11013,448,728,11741
40,1333,1337,2670,1345,4015,1345,5360,1635,5650,1071,6721,1393,8114,1505,9619,1487,11106,448,637,11743
36,1378,Err:520,Err:520,Err:520,4161,1418,5579,1725,5886,1100,6986,1401,8387,1467,9854,1321,11175,448,569,11744
39,1379,1380,2759,1402,4161,1418,5579,1726,5887,1099,6986,1403,8389,1458,9847,1329,11176,448,569,11745
39,1308,1302,2610,1308,3918,1398,5316,1697,5615,1102,6717,1421,8138,1466,9604,1484,11088,448,657,11745
32,1270,1262,2532,1259,3791,1269,5060,1545,5336,986,6322,1286,7608,1639,9247,1790,11037,449,709,11746
30,1225,1219,2444,1227,3671,1236,4907,1502,5173,998,6171,1373,7544,1523,9067,1864,10931,449,817,11748
39,1282,1300,2582,1332,3914,1318,5232,1601,5515,1063,6578,1405,7983,1525,9508,1551,11059,449,693,11752
40,1313,1292,2605,1279,3884,1288,5172,1571,5455,1019,6474,1403,7877,1564,9441,1626,11067,449,686,11753
36,1284,1294,2578,1314,3892,1446,5338,1740,5632,1077,6709,1414,8123,1461,9584,1529,11113,449,644,11757
39,1280,1312,2592,1370,3962,1427,5389,1733,5695,1097,6792,1461,8253,1497,9750,1399,11149,449,608,11757
36,1300,1267,2567,1293,3860,1324,5184,1598,5458,1110,6568,1467,8035,1503,9538,1549,11087,449,670,11757
31,1285,1307,2592,1329,3921,1362,5283,1659,5580,1079,6659,1457,8116,1506,9622,1490,11112,449,648,11760
31,1354,1382,2736,1328,4064,1331,5395,1619,5683,1046,6729,1352,8081,1484,9565,1491,11056,449,704,11760
30,1195,1209,2404,1231,3635,1265,4900,1541,5176,1042,6218,1403,7621,1637,9258,1786,11044,449,719,11763
35,1189,1179,2368,1213,3581,1258,4839,1531,5112,1116,6228,1466,7694,1904,9598,1453,11051,449,712,11763
32,1258,1281,2539,1269,3808,1295,5103,1597,5405,1090,6495,1463,7958,1532,9490,1580,11070,449,694,11764
35,1191,1268,2459,1304,3763,1388,5151,1694,5457,1113,6570,1462,8032,1537,9569,1517,11086,449,679,11765
34,1263,1275,2538,1271,3809,1311,5120,1602,5411,1068,6479,1454,7933,1543,9476,1611,11087,449,679,11766
32,1326,1357,2683,1345,4028,1415,5443,1705,5733,1064,6797,1436,8233,1438,9671,1429,11100,449,667,11767
38,1330,1334,2664,1343,4007,1373,5380,1675,5682,1085,6767,1445,8212,1458,9670,1480,11150,449,617,11767
38,1302,1300,2602,1306,3908,1328,5236,1616,5524,1046,6570,1408,7978,1478,9456,1546,11002,449,765,11767
35,1263,1269,2532,1266,3798,1342,5140,1637,5435,1068,6503,1428,7931,1475,9406,1675,11081,449,686,11767
35,1199,1218,2417,1239,3656,1268,4924,1549,5205,1043,6248,1426,7674,1686,9360,1729,11089,449,680,11769
40,1353,1349,2702,1348,4050,1351,5401,1645,5695,1053,6748,1381,8129,1444,9573,1505,11078,449,692,11770
34,1278,1260,2538,1279,3817,1290,5107,1569,5386,1019,6405,1474,7879,1594,9473,1638,11111,449,660,11771
40,1417,1380,2797,1389,4186,1403,5589,1705,5891,1097,6988,1397,8385,1424,9809,1384,11193,449,578,11771
35,1259,1286,2545,1325,3870,1374,5244,1664,5534,1053,6587,1458,8045,1526,9571,1527,11098,449,674,11772
35,1332,1331,2663,1339,4002,1344,5346,1636,5638,1063,6701,1401,8102,1460,9562,1534,11096,450,677,11773
39,1250,1276,2526,1291,3817,1323,5140,1630,5447,1045,6492,1385,7877,1493,9370,1658,11028,450,745,11773
38,1434,1397,2831,1376,4207,1388,5595,1685,5892,1082,6974,1387,8361,1422,9783,1394,11177,450,596,11773
33,1267,1257,2524,1269,3793,1292,5085,1572,5365,1029,6394,1393,7787,1476,9263,1790,11053,450,723,11776
30,1274,1323,2597,1361,3958,1409,5367,1719,5677,1089,6766,1434,8200,1472,9672,1464,11136,450,640,11776
33,1303,1269,2572,1267,3839,1277,5116,1558,5397,1006,6403,1318,7721,1410,9131,1785,10916,450,861,11777
35,1338,1310,2648,1302,3950,1334,5284,1622,5572,1043,6615,1386,8001,1453,9454,1607,11061,450,716,11777
40,1287,1288,2575,1309,3884,1350,5234,1642,5526,1081,6607,1478,8085,1531,9616,1515,11131,450,646,11777
37,1232,1254,2486,1314,3800,1372,5172,1665,5465,1083,6548,1445,7993,1547,9540,1557,11097,450,682,11779
39,1246,1243,2489,1258,3747,1298,5045,1585,5332,1071,6403,1548,7951,1586,9537,1566,11103,450,678,11781
35,1154,1148,2302,1202,3504,1330,4834,1603,5107,1080,6187,1562,7749,1642,9391,1717,11108,450,673,11781
36,1170,1229,2399,1350,3749,1398,5147,1685,5434,1129,6563,1454,8017,1514,9531,1590,11121,450,660,11781
38,1308,1294,2602,1305,3907,1321,5228,1606,5513,1040,6553,1555,8108,1519,9627,1522,11149,450,633,11782
37,1276,1290,2566,1334,3900,1367,5267,1676,5576,1109,6685,1457,8142,1486,9628,1495,11123,450,660,11783
40,1380,1415,2795,1362,4157,1399,5556,1685,5842,1050,6892,1391,8283,1485,9768,1391,11159,450,627,11786
39,1304,1326,2630,1319,3949,1372,5321,1671,5620,1104,6724,1489,8213,1515,9728,1430,11158,450,628,11786
34,1240,1234,2474,1238,3712,1257,4969,1529,5241,1034,6275,1398,7673,1553,9226,1716,10942,450,846,11788
36,1290,1257,2547,1274,3821,1469,5290,1760,5581,1072,6653,1480,8133,1505,9638,1475,11113,450,675,11788
39,1292,1290,2582,1308,3890,1313,5203,1597,5487,1042,6529,1445,7974,1524,9498,1600,11098,450,690,11788
37,1242,1226,2468,1243,3711,1370,5081,1647,5358,1136,6494,1547,8041,1538,9579,1610,11189,450,601,11790
37,1295,1273,2568,1283,3851,1295,5146,1577,5428,1026,6454,1362,7816,1448,9264,1744,11008,450,785,11793
36,1284,1263,2547,1274,3821,1311,5132,1598,5419,1033,6452,1408,7860,1525,9385,1603,10988,450,805,11793
39,1217,1242,2459,1291,3750,1370,5120,1673,5423,1148,6571,1503,8074,1559,9633,1515,11148,450,650,11798
34,1290,1287,2577,1288,3865,1292,5157,1576,5441,1017,6458,1380,7838,1594,9432,1642,11074,450,724,11798
38,1235,1250,2485,1254,3739,1264,5003,1541,5280,1012,6292,1390,7682,1641,9323,1844,11167,451,632,11799
40,1283,1265,2548,1317,3865,1362,5227,1658,5523,1122,6645,1500,8145,1550,9695,1501,11196,451,604,11800
36,1303,1310,2613,1308,3921,1335,5256,1623,5544,1057,6601,1445,8046,1537,9583,1546,11129,451,674,11803
38,1282,1317,2599,1366,3965,1379,5344,1675,5640,1111,6751,1423,8174,1465,9639,1509,11148,451,659,11807
35,1301,1298,2599,1351,3950,1408,5358,1716,5666,1096,6762,1451,8213,1458,9671,1455,11126,451,681,11807
32,1267,1254,2521,1281,3802,1302,5104,1587,5389,1054,6443,1441,7884,1578,9462,1612,11074,451,735,11809
40,1366,1363,2729,1378,4107,1398,5505,1696,5803,1093,6896,1414,8310,1425,9735,1454,11189,451,620,11809
30,1144,1162,2306,1124,3430,1136,4566,1383,4813,933,5746,1310,7056,1760,8816,2022,10838,451,973,11811
39,1331,1334,2665,1319,3984,1340,5324,1631,5615,1073,6688,1416,8104,1477,9581,1560,11141,451,672,11813
31,1255,1270,2525,1288,3813,1320,5133,1609,5422,1076,6498,1457,7955,1522,9477,1687,11164,451,649,11813
36,1219,1196,2415,1230,3645,1269,4914,1545,5190,1029,6219,1462,7681,1663,9344,1708,11052,451,762,11814
33,1315,1304,2619,1319,3938,1328,5266,1617,5555,1053,6608,1402,8010,1504,9514,1588,11102,451,713,11815
36,1261,1260,2521,1264,3785,1289,5074,1566,5351,1071,6422,1393,7815,1400,9215,1905,11120,451,697,11817
33,1179,1258,2437,1314,3751,1348,5099,1637,5388,1088,6476,1498,7974,1601,9575,1553,11128,451,692,11820
40,1335,1337,2672,1352,4024,1385,5409,1678,5702,1070,6772,1435,8207,1485,9692,1496,11188,451,633,11821
34,1250,1279,2529,1273,3802,1321,5123,1610,5412,1115,6527,1500,8027,1537,9564,1568,11132,451,689,11821
35,1366,1376,2742,1382,4124,1381,5505,1677,5801,1077,6878,1395,8273,1427,9700,1441,11141,451,680,11821
32,1232,1244,2476,1245,3721,1245,4966,1527,5248,1011,6259,1377,7636,1902,9538,1588,11126,452,701,11827
35,1193,1203,2396,1394,3790,1446,5236,1737,5527,1197,6724,1368,8092,1585,9677,1543,11220,452,607,11827
32,1382,1301,2683,1306,3989,1357,5346,1658,5647,1083,6730,1446,8176,1510,9686,1461,11147,452,681,11828
32,1278,1297,2575,1280,3855,1348,5203,1647,5502,1123,6625,1504,8129,1574,9703,1481,11184,452,644,11828
35,1341,1317,2658,1336,3994,1345,5339,1640,5634,1062,6696,1378,8074,1442,9516,1596,11112,452,717,11829
30,1255,1258,2513,1263,3776,1286,5062,1568,5344,1060,6404,1511,7915,1592,9507,1623,11130,452,701,11831
36,1431,1388,2819,1412,4231,1389,5620,1683,5914,1052,6966,1390,8356,1402,9758,1425,11183,452,650,11833
32,1271,1270,2541,1259,3800,1276,5076,1558,5358,1066,6424,1396,7820,1655,9475,1663,11138,452,695,11833
32,1251,1235,2486,1249,3735,1261,4996,1532,5267,1046,6313,1352,7665,1669,9334,1752,11086,452,747,11833
40,1302,1320,2622,1350,3972,1402,5374,1703,5675,1137,6812,1478,8290,1501,9791,1430,11221,452,616,11837
35,1288,1273,2561,1337,3898,1413,5311,1714,5612,1117,6729,1434,8163,1487,9650,1516,11166,452,672,11838
40,1404,1366,2770,1378,4148,1381,5529,1680,5828,1084,6912,1413,8325,1428,9753,1466,11219,452,619,11838
36,1433,1401,2834,1381,4215,1400,5615,1702,5917,1095,7012,1432,8444,1429,9873,1373,11246,452,594,11840
30,1287,1257,2544,1260,3804,1296,5100,1580,5384,1019,6403,1378,7781,1601,9382,1762,11144,452,696,11840
40,1344,1348,2692,1350,4042,1348,5390,1637,5679,1048,6727,1419,8146,1501,9647,1506,11153,452,690,11843
36,1272,1263,2535,1291,3826,1353,5179,1654,5480,1108,6588,1495,8083,1533,9616,1555,11171,452,673,11844
33,1222,1200,2422,1223,3645,1257,4902,1533,5178,1086,6264,1543,7807,1669,9476,1637,11113,452,732,11845
36,1340,1347,2687,1349,4036,1368,5404,1662,5698,1053,6751,1429,8180,1501,9681,1527,11208,452,638,11846
38,1272,1278,2550,1325,3875,1367,5242,1673,5548,1109,6657,1467,8124,1474,9598,1589,11187,452,660,11847
33,1198,1159,2357,1211,3568,1283,4851,1573,5141,1018,6159,1587,7746,1529,9275,1807,11082,452,769,11851
38,1298,1296,2594,1318,3912,1356,5268,1650,5562,1073,6635,1441,8076,1550,9626,1555,11181,453,671,11852
35,1238,1248,2486,1278,3764,1317,5081,1607,5371,1063,6434,1396,7830,1658,9488,1684,11172,453,680,11852
37,1364,1338,2702,1341,4043,1350,5393,1645,5688,1073,6761,1442,8203,1558,9761,1442,11203,453,649,11852
38,1340,1340,2680,1317,3997,1335,5332,1629,5626,1053,6679,1400,8079,1472,9551,1574,11125,453,728,11853
39,1300,1275,2575,1270,3845,1311,5156,1591,5436,1038,6474,1475,7949,1564,9513,1547,11060,453,793,11853
32,1255,1235,2490,1231,3721,1263,4984,1542,5263,1053,6316,1451,7767,1505,9272,1776,11048,453,805,11853
32,1502,1385,2887,1377,4264,1375,5639,1673,5937,1032,6969,1359,8328,1405,9733,1463,11196,453,658,11854
39,1265,1272,2537,1273,3810,1308,5118,1587,5397,1042,6439,1400,7839,1521,9360,1605,10965,453,892,11857
37,1277,1275,2552,1268,3820,1304,5124,1589,5409,1081,6490,1508,7998,1587,9585,1592,11177,453,680,11857
39,1232,1236,2468,1259,3727,1374,5101,1654,5381,1089,6470,1526,7996,1636,9632,1558,11190,453,667,11857
34,1273,1276,2549,1268,3817,1283,5100,1557,5374,1002,6376,1310,7686,1665,9351,1799,11150,453,709,11859
30,1385,1396,2781,1392,4173,1405,5578,1711,5884,1099,6983,1418,8401,1438,9839,1439,11278,453,582,11860
37,1384,1340,2724,1329,4053,1335,5388,1621,5674,1014,6688,1338,8026,1469,9495,1618,11113,453,748,11861
36,1286,1301,2587,1313,3900,1327,5227,1616,5516,1109,6625,1470,8095,1535,9630,1528,11158,453,705,11863
34,1229,1236,2465,1240,3705,1259,4964,1533,5238,1006,6244,1420,7664,1596,9260,1729,10989,453,876,11865
35,1270,1292,2562,1371,3933,1514,5447,1814,5747,1126,6873,1412,8285,1465,9750,1461,11211,453,656,11867
36,1242,1275,2517,1305,3822,1359,5181,1650,5472,1082,6554,1402,7956,1572,9528,1604,11132,453,736,11868
38,1331,1329,2660,1373,4033,1355,5388,1655,5688,1087,6775,1390,8165,1431,9596,1572,11168,453,700,11868
37,1323,1342,2665,1350,4015,1380,5395,1677,5692,Err:520,Err:520,Err:520,8224,1480,9704,1498,11202,453,666,11868
39,1345,1346,2691,1325,4016,1375,5391,1672,5688,1089,6777,1437,8214,1470,9684,1542,11226,453,644,11870
35,1291,1310,2601,1361,3962,1406,5368,1711,5673,1113,6786,1447,8233,1471,9704,1506,11210,453,664,11874
31,1205,1213,2418,1222,3640,1271,4911,1552,5192,1065,6257,1396,7653,1539,9192,1915,11107,453,769,11876
40,1280,1267,2547,1279,3826,1349,5175,1649,5475,1104,6579,1470,8049,1510,9559,1626,11185,454,693,11878
30,1329,1321,2650,1327,3977,1341,5318,1635,5612,1063,6675,1574,8249,1458,9707,1467,11174,454,705,11879
33,1257,1271,2528,1293,3821,1343,5164,1634,5455,1066,6521,1498,8019,1509,9528,1625,11153,454,727,11880
35,1385,1331,2716,1321,4037,1340,5377,1627,5664,1059,6723,1384,8107,1534,9641,1608,11249,454,632,11881
30,1234,1229,2463,1236,3699,1278,4977,1561,5260,1053,6313,1580,7893,1574,9467,1666,11133,454,750,11883
39,1341,1355,2696,1366,4062,1390,5452,1692,5754,1105,6859,1462,8321,1479,9800,1446,11246,454,637,11883
39,1381,1346,2727,1351,4078,1367,5445,1663,5741,1137,6878,1401,8279,1461,9740,1498,11238,454,646,11884
37,1361,1364,2725,1353,4078,1372,5450,1669,5747,1083,6830,1426,8256,1482,9738,1483,11221,454,665,11886
32,1582,1341,2923,1346,4269,1370,5639,1666,5935,1089,7024,1445,8469,1447,9916,1380,11296,454,590,11886
30,1242,1212,2454,1229,3683,1281,4964,1563,5246,1113,6359,1526,7885,1603,9488,1700,11188,454,698,11886
40,1282,1326,2608,1377,3985,1380,5365,1673,5658,1091,6749,1482,8231,1527,9758,1484,11242,454,645,11887
36,1237,1234,2471,1270,3741,1374,5115,1656,5397,1143,6540,1468,8008,1632,9640,1586,11226,454,661,11887
32,1353,1290,2643,1278,3921,1294,5215,1575,5496,1005,6501,1320,7821,1533,9354,1780,11134,454,755,11889
33,1266,1265,2531,1331,3862,1373,5235,1672,5534,1101,6635,1462,8097,1539,9636,1557,11193,454,696,11889
35,1370,1351,2721,1346,4067,1328,5395,1617,5684,1045,6729,1390,8119,1543,9662,1560,11222,454,667,11889
35,1325,1294,2619,1318,3937,1332,5269,1625,5562,1071,6633,1451,8084,1525,9609,1576,11185,454,705,11890
33,1193,1210,2403,1224,3627,1269,4896,1548,5175,1101,6276,1466,7742,1642,9384,1747,11131,454,760,11891
39,1281,1283,2564,1292,3856,1309,5165,1593,5449,1025,6474,1383,7857,1491,9348,1834,11182,454,710,11892
37,1394,1326,2720,1363,4083,1386,5469,1684,5767,1106,6873,1443,8316,1458,9774,1471,11245,454,649,11894
36,1274,1250,2524,1261,3785,1318,5103,1608,5393,1076,6469,1510,7979,1575,9554,1628,11182,454,714,11896
32,1306,1353,2659,1414,4073,1408,5481,1711,5784,1118,6902,1483,8385,1465,9850,1419,11269,454,628,11897
34,1715,1405,3120,1293,4413,1325,5738,1613,6026,1069,7095,1430,8525,1405,9930,1378,11308,454,591,11899
35,1295,1284,2579,1269,3848,1327,5175,1618,5466,1128,6594,1565,8159,1584,9743,1550,11293,454,607,11900
33,1405,1369,2774,1382,4156,1389,5545,1693,5849,1080,6929,1417,8346,1445,9791,1460,11251,454,652,11903
33,1311,1302,2613,1325,3938,1341,5279,1635,5573,1078,6651,1449,8100,1542,9642,1642,11284,455,623,11907
39,1339,1359,2698,1365,4063,1349,5412,1642,5705,1065,6770,1393,8163,1392,9555,1498,11053,455,854,11907
36,1174,1200,2374,1210,3584,1209,4793,1474,5058,963,6021,1310,7331,1344,8675,2206,10881,455,1027,11908
32,1255,1301,2556,1337,3893,1353,5246,1643,5536,1098,6634,1462,8096,1523,9619,1517,11136,455,773,11909
35,1404,1425,2829,1416,4245,1400,5645,1698,5943,1088,7031,1436,8467,1435,9902,1418,11320,455,592,11912
35,1335,1361,2696,1378,4074,1379,5453,1675,5749,1079,6828,1434,8262,1491,9753,1495,11248,455,665,11913
37,1353,1388,2741,1402,4143,1465,5608,1776,5919,1131,7050,1414,8464,1468,9932,1400,11332,455,582,11914
38,1309,1293,2602,1287,3889,1309,5198,1592,5481,1032,6513,1384,7897,1485,9382,1767,11149,455,766,11915
39,1349,1380,2729,1373,4102,1392,5494,1690,5792,1076,6868,1406,8274,1468,9742,1506,11248,455,669,11917
37,1296,1319,2615,1337,3952,1392,5344,1697,5649,1143,6792,1487,8279,1491,9770,1498,11268,455,649,11917
36,1221,1267,2488,1349,3837,1354,5191,1659,5496,1149,6645,1461,8106,1561,9667,1589,11256,455,662,11918
36,1187,1209,2396,1271,3667,1421,5088,1726,5393,1217,6610,1547,8157,1548,9705,1554,11259,455,660,11919
33,1294,1347,2641,1364,4005,1369,5374,1661,5666,1086,6752,1463,8215,1515,9730,1526,11256,455,668,11924
38,1261,1271,2532,1302,3834,1369,5203,1663,5497,1110,6607,1453,8060,1560,9620,1626,11246,455,679,11925
37,1300,1281,2581,1256,3837,1269,5106,1544,5381,1029,6410,1418,7828,1759,9587,1647,11234,455,691,11925
37,1339,1326,2665,1361,4026,1381,5407,1685,5711,1108,6819,1473,8292,1492,9784,1487,11271,455,654,11925
40,1403,1402,2805,1411,4216,1394,5610,1703,5919,1100,7019,1413,8432,1447,9879,1418,11297,455,629,11926
38,1254,1259,2513,1255,3768,1280,5048,1554,5322,1004,6326,1390,7716,1645,9361,1890,11251,455,677,11928
36,1305,1267,2572,1229,3801,1291,5092,1568,5369,1029,6398,1404,7802,1591,9393,1696,11089,455,840,11929
37,1302,1304,2606,1322,3928,1360,5288,1652,5580,1090,6670,1489,8159,1557,9716,1560,11276,455,654,11930
35,1310,1333,2643,1376,4019,1416,5435,1718,5737,1112,6849,1472,8321,1498,9819,1490,11309,456,622,11931
37,1380,1346,2726,1336,4062,1373,5435,1669,5731,1087,6818,1408,8226,1451,9677,1523,11200,456,733,11933
34,1297,1285,2582,1321,3903,1415,5318,1722,5625,1127,6752,1461,8213,1525,9738,1573,11311,456,624,11935
33,1275,1289,2564,1313,3877,1349,5226,1642,5519,1077,6596,1508,8104,1585,9689,1603,11292,456,643,11935
36,1239,1216,2455,1254,3709,1263,4972,1539,5248,970,6218,1804,8022,1415,9437,1874,11311,456,625,11936
35,1118,1153,2271,1219,3490,1323,4813,1611,5101,1114,6215,1467,7682,1705,9387,1755,11142,456,795,11937
32,1142,1245,2387,1652,4039,1330,5369,1619,5658,1112,6770,1426,8196,1484,9680,1630,11310,456,629,11939
35,1281,1298,2579,1322,3901,1359,5260,1651,5552,1090,6642,1496,8138,1585,9723,1546,11269,456,671,11940
40,1319,1317,2636,1340,3976,1366,5342,1664,5640,1107,6747,1462,8209,1507,9716,1504,11220,456,721,11941
39,1294,1318,2612,1311,3923,1340,5263,1636,5559,1077,6636,1421,8057,1497,9554,1686,11240,456,706,11946
40,1119,1117,2236,1124,3360,1140,4500,1389,4749,926,5675,1294,6969,1942,8911,2321,11232,456,714,11946
38,1333,1333,2666,1371,4037,1386,5423,1693,5730,1085,6815,1432,8247,1473,9720,1559,11279,456,669,11948
39,1348,1362,2710,1388,4098,1397,5495,1699,5797,1114,6911,1444,8355,1510,9865,1453,11318,456,633,11951
35,1230,1248,2478,1278,3756,1324,5080,1615,5371,1087,6458,1494,7952,1594,9546,1693,11239,456,712,11951
37,1193,1206,2399,1245,3644,1313,4957,1594,5238,1103,6341,1463,7804,1590,9394,1741,11135,456,817,11952
40,1357,1284,2641,1277,3918,1298,5216,1581,5499,1020,6519,1365,7884,1826,9710,1535,11245,456,707,11952
36,1313,1367,2680,1379,4059,1410,5469,1719,5778,1125,6903,1483,8386,1516,9902,1459,11361,456,592,11953
37,1231,1235,2466,1285,3751,1346,5097,1637,5388,1123,6511,1521,8032,1590,9622,1608,11230,456,724,11954
34,1285,1271,2556,1263,3819,1292,5111,1578,5397,1038,6435,1396,7831,1588,9419,1746,11165,456,789,11954
33,1247,1242,2489,1254,3743,1272,5015,1558,5301,1131,6432,1483,7915,1596,9511,1758,11269,456,686,11955
38,1277,1284,2561,1309,3870,1361,5231,1657,5527,1119,6646,1494,8140,1604,9744,1553,11297,456,659,11956
39,1248,1252,2500,1246,3746,1264,5010,1537,5283,995,6278,1330,7608,1497,9105,1823,10928,457,1028,11956
39,1301,1314,2615,1343,3958,1384,5342,1691,5649,1122,6771,1480,8251,1493,9744,1504,11248,457,708,11956
31,1288,1286,2574,1307,3881,1398,5279,1694,5575,1112,6687,1432,8119,1534,9653,1613,11266,457,691,11957
32,1202,1247,2449,1345,3794,1406,5200,1707,5501,1118,6619,1460,8079,1576,9655,1612,11267,457,692,11959
31,1238,1240,2478,1245,3723,1273,4996,1543,5266,1042,6308,1490,7798,1681,9479,1733,11212,457,748,11960
39,1211,1209,2420,1334,3754,1407,5161,1710,5464,1177,6641,1487,8128,1563,9691,1624,11315,457,645,11960
38,1342,1369,2711,1403,4114,1408,5522,1708,5822,1111,6933,1452,8385,1455,9840,1486,11326,457,634,11960
30,1320,1330,2650,1357,4007,1398,5405,1705,5712,1110,6822,1472,8294,1515,9809,1521,11330,457,633,11963
36,1279,1283,2562,1278,3840,1290,5130,1574,5414,1148,6562,1587,8149,1653,9802,1536,11338,457,626,11964
38,1202,1154,2356,1156,3512,1283,4795,1558,5070,1166,6236,1577,7813,1752,9565,1759,11324,457,640,11964
35,1379,1359,2738,1373,4111,1389,5500,1684,5795,1100,6895,1448,8343,1455,9798,1550,11348,457,617,11965
33,1222,1266,2488,1340,3828,1451,5279,1742,5570,1170,6740,1491,8231,1556,9787,1544,11331,457,638,11969
37,1303,1316,2619,1327,3946,1347,5293,1653,5599,1075,6674,1448,8122,1533,9655,1565,11220,457,750,11970
35,1309,1328,2637,1332,3969,1379,5348,1674,5643,1087,6730,1418,8148,1546,9694,1586,11280,457,693,11973
31,1288,1325,2613,1337,3950,1390,5340,1691,5641,1115,6756,1479,8235,1536,9771,1558,11329,457,645,11974
33,1208,1224,2432,1236,3668,1268,4936,1544,5212,1012,6224,1408,7632,1616,9248,1991,11239,457,737,11976
31,1305,1322,2627,1348,3975,1394,5369,1693,5668,1092,6760,1455,8215,1526,9741,1555,11296,457,681,11977
37,1302,1293,2595,1308,3903,1361,5264,1651,5554,1061,6615,1428,8043,1487,9530,1695,11225,457,753,11978
38,1297,1257,2554,1269,3823,1320,5143,1609,5432,1075,6507,1505,8012,1626,9638,1617,11255,457,725,11980
37,1337,1366,2703,1390,4093,1393,5486,1695,5788,1074,6862,1410,8272,1443,9715,1533,11248,457,733,11981
39,1295,1310,2605,1319,3924,1352,5276,1648,5572,1119,6691,1490,8181,1540,9721,1579,11300,457,681,11981
36,1204,1250,2454,1232,3686,1267,4953,1546,5232,1063,6295,1486,7781,1671,9452,1782,11234,457,747,11981
33,1363,1323,2686,1320,4006,1330,5336,1614,5620,1045,6665,1380,8045,1564,9609,1633,11242,457,740,11982
33,1254,1239,2493,1244,3737,1263,5000,1543,5280,1018,6298,1419,7717,1556,9273,1841,11114,458,872,11986
40,1300,1341,2641,1346,3987,1356,5343,1648,5635,1055,6690,1422,8112,1550,9662,1652,11314,458,674,11988
38,1277,1268,2545,1275,3820,1323,5143,1615,5435,1054,6489,1387,7876,1459,9335,1830,11165,458,825,11990
36,1235,1239,2474,1267,3741,1303,5044,1583,5324,1098,6422,1473,7895,1709,9604,1646,11250,458,741,11991
34,1285,1335,2620,1346,3966,1357,5323,1651,5617,1081,6698,1434,8132,1526,9658,1638,11296,458,697,11993
35,1256,1255,2511,1288,3799,1348,5147,1641,5440,1095,6535,1508,8043,1622,9665,1641,11306,458,689,11995
32,1314,1300,2614,1308,3922,1340,5262,1635,5557,1063,6620,1434,8054,1520,9574,1660,11234,458,762,11996
32,1258,1267,2525,1288,3813,1538,5351,1837,5650,1214,6864,1468,8332,1433,9765,1599,11364,458,633,11997
39,1314,1310,2624,1380,4004,1433,5437,1741,5745,1138,6883,1496,8379,1524,9903,1468,11371,458,627,11998
35,1259,1279,2538,1373,3911,1348,5259,1632,5543,1168,6711,1543,8254,1524,9778,1579,11357,458,641,11998
36,1287,1298,2585,1296,3881,1341,5222,1630,5511,1055,6566,1386,7952,1403,9355,1714,11069,458,930,11999
35,1314,1297,2611,1311,3922,1343,5265,1636,5558,1090,6648,1475,8123,1590,9713,1609,11322,458,677,11999
31,1263,1281,2544,1293,3837,1348,5185,1644,5481,1096,6577,1519,8096,1600,9696,1607,11303,458,696,11999
33,1200,1207,2407,1221,3628,1279,4907,1563,5191,1163,6354,1498,7852,1527,9379,1873,11252,458,748,12000
34,1140,1169,2309,1240,3549,1384,4933,1709,5258,1100,6358,1492,7850,1674,9524,1754,11278,458,725,12003
40,1286,1378,2664,1443,4107,1381,5488,1683,5790,1086,6876,1430,8306,1474,9780,1505,11285,458,719,12004
38,1279,1283,2562,1285,3847,1298,5145,1578,5425,1052,6477,1428,7905,1671,9576,1604,11180,458,825,12005
36,1378,1375,2753,1390,4143,1406,5549,1705,5848,1101,6949,1438,8387,1481,9868,1508,11376,458,630,12006
40,1307,1328,2635,1343,3978,1395,5373,1694,5672,1099,6771,1459,8230,1500,9730,1575,11305,458,702,12007
35,1282,1295,2577,1354,3931,1459,5390,1766,5697,1121,6818,1461,8279,1495,9774,1540,11314,458,694,12008
30,1256,1263,2519,1286,3805,1411,5216,1704,5509,1182,6691,1546,8237,1585,9822,1583,11405,459,604,12009
32,1470,1314,2784,1331,4115,1345,5460,1635,5750,1084,6834,1449,8283,1494,9777,1538,11315,459,697,12012
39,1236,1234,2470,1259,3729,1424,5153,1720,5449,1125,6574,1482,8056,1657,9713,1582,11295,459,717,12012
34,1284,1308,2592,1311,3903,1358,5261,1656,5559,1099,6658,1492,8150,1535,9685,1664,11349,459,665,12014
36,1353,1312,2665,1342,4007,1383,5390,1688,5695,1144,6839,1492,8331,1512,9843,1531,11374,459,642,12016
35,1297,1296,2593,1333,3926,1350,5276,1641,5567,1079,6646,1469,8115,1567,9682,1605,11287,459,729,12016
38,1284,1261,2545,1257,3802,1268,5070,1545,5347,997,6344,1326,7670,1457,9127,2030,11157,459,860,12017
37,1295,1317,2612,1348,3960,1390,5350,1695,5655,1100,6755,1438,8193,1518,9711,1600,11311,459,710,12021
40,1239,1256,2495,1291,3786,1335,5121,1626,5412,1070,6482,1487,7969,1690,9659,1680,11339,459,683,12022
39,1354,1370,2724,1369,4093,1386,5479,1688,5781,1093,6874,1489,8363,1473,9836,1546,11382,459,641,12023
40,1333,1352,2685,1350,4035,1369,5404,1667,5702,1153,6855,1424,8279,1492,9771,1573,11344,459,679,12023
38,1311,1284,2595,1293,3888,1314,5202,1602,5490,1084,6574,1420,7994,1597,9591,1691,11282,459,743,12025
36,1344,1365,2709,1361,4070,1404,5474,1706,5776,1105,6881,1422,8303,1439,9742,1543,11285,459,744,12029
30,1163,1156,2319,1162,3481,1194,4675,1454,4935,962,5897,1365,7262,1709,8971,2058,11029,459,1002,12031
36,1389,1403,2792,1413,4205,1414,5619,1719,5924,1094,7018,1448,8466,1453,9919,1470,11389,459,642,12031
35,1370,1369,2739,1367,4106,1371,5477,1668,5774,1074,6848,1448,8296,1502,9798,1542,11340,459,692,12032
39,1280,1276,2556,1302,3858,1313,5171,1597,5455,1044,6499,1474,7973,1608,9581,1661,11242,459,790,12032
40,1399,1357,2756,1377,4133,1387,5520,1685,5818,1097,6915,1424,8339,1494,9833,1510,11343,460,693,12036
37,1290,1288,2578,1296,3874,1333,5207,1624,5498,1095,6593,1533,8126,1610,9736,1589,11325,460,712,12037
40,1326,1338,2664,1346,4010,1365,5375,1657,5667,1087,6754,1459,8213,1556,9769,1618,11387,460,651,12038
39,1344,1400,2744,1412,4156,1411,5567,1714,5870,1102,6972,1446,8418,1481,9899,1488,11387,460,651,12038
38,1259,1270,2529,1296,3825,1509,5334,1808,5633,1106,6739,1464,8203,1534,9737,1611,11348,460,691,12039
33,1133,1122,2255,1161,3416,1323,4739,1613,5029,1211,6240,1605,7845,1641,9486,1813,11299,460,741,12040
37,1261,1290,2551,1373,3924,1392,5316,1693,5617,1122,6739,1498,8237,1556,9793,1560,11353,460,689,12042
32,1233,1245,2478,1311,3789,1409,5198,1713,5502,1133,6635,1511,8146,1567,9713,1584,11297,460,746,12043
38,1298,1279,2577,1289,3866,1338,5204,1633,5499,1062,6561,1426,7987,1547,9534,1731,11265,460,780,12045
31,1318,1326,2644,1328,3972,1361,5333,1653,5625,1074,6699,1448,8147,1655,9802,1564,11366,460,681,12047
40,1377,1316,2693,1322,4015,1338,5353,1624,5639,1038,6677,1363,8040,1450,9490,1470,10960,460,1091,12051
35,1410,1413,2823,1412,4235,1410,5645,1719,5954,1092,7046,1419,8465,1452,9917,1440,11357,460,696,12053
40,1359,1319,2678,1319,3997,1349,5346,1643,5640,1066,6706,1441,8147,1597,9744,1639,11383,460,675,12058
32,1182,1223,2405,1210,3615,1263,4878,1542,5157,1129,6286,1502,7788,1654,9442,1808,11250,461,812,12062
30,1275,1264,2539,1286,3825,1295,5120,1579,5404,1036,6440,1349,7789,1440,9229,2171,11400,461,664,12064
37,1253,1269,2522,1288,3810,1432,5242,1725,5535,1151,6686,1555,8241,1578,9819,1593,11412,461,653,12065
40,1275,1273,2548,1301,3849,1418,5267,1728,5577,1117,6694,1456,8150,1535,9685,1671,11356,461,711,12067
30,1275,1292,2567,1327,3894,1370,5264,1668,5562,1103,6665,1467,8132,1560,9692,1662,11354,461,714,12068
35,1345,1289,2634,1301,3935,1340,5275,1631,5566,1142,6708,1511,8219,1590,9809,1609,11418,461,651,12069
31,1202,1159,2361,1181,3542,1243,4785,1514,5056,1029,6085,1608,7693,1753,9446,1747,11193,461,877,12070
33,1257,1233,2490,1235,3725,1327,5052,1599,5324,1097,6421,1711,8132,1595,9727,1652,11379,461,692,12071
40,1403,1347,2750,1346,4096,1386,5482,1688,5784,1096,6880,1478,8358,1531,9889,1512,11401,461,672,12073
32,1277,1256,2533,1280,3813,1330,5143,1621,5434,1081,6515,1471,7986,1712,9698,1699,11397,461,678,12075
35,1302,1337,2639,1365,4004,1382,5386,1683,5687,1092,6779,1449,8228,1521,9749,1675,11424,461,651,12075
38,1423,1328,2751,1332,4083,1370,5453,1675,5758,1101,6859,1469,8328,1497,9825,1552,11377,461,701,12078
38,1217,1202,2419,1215,3634,1252,4886,1522,5156,984,6140,1336,7476,1968,9444,1713,11157,461,922,12079
32,1231,1268,2499,1301,3800,1311,5111,1594,5394,1077,6471,1460,7931,1653,9584,1827,11411,461,668,12079
37,1311,1362,2673,1365,4038,1376,5414,1678,5716,1118,6834,1476,8310,1508,9818,1562,11380,461,700,12080
40,1280,1280,2560,1269,3829,1339,5168,1635,5464,1142,6606,1500,8106,1642,9748,1629,11377,461,705,12082
30,1242,1277,2519,1329,3848,1471,5319,1790,5638,1173,6811,1505,8316,1550,9866,1543,11409,461,673,12082
35,1286,1269,2555,1290,3845,1340,5185,1634,5479,1146,6625,1458,8083,1617,9700,1605,11305,461,778,12083
35,1211,1227,2438,1250,3688,1274,4962,1550,5238,1031,6269,1471,7740,1930,9670,1707,11377,462,711,12088
35,1246,1256,2502,1280,3782,1336,5118,1637,5419,1140,6559,1496,8055,1587,9642,1699,11341,462,749,12090
33,1245,1267,2512,1268,3780,1335,5115,1651,5431,1194,6625,1504,8129,1573,9702,1657,11359,462,731,12090
31,1279,1266,2545,1279,3824,1295,5119,1573,5397,1003,6400,1456,7856,1752,9608,1670,11278,462,815,12093
37,1296,1275,2571,1277,3848,1283,5131,1565,5413,1025,6438,1398,7836,1579,9415,1883,11298,462,799,12097
39,1282,1279,2561,1281,3842,1298,5140,1583,5425,1040,6465,1424,7889,1545,9434,1773,11207,462,891,12098
31,1316,1310,2626,1317,3943,1345,5288,1636,5579,1083,6662,1446,8108,1677,9785,1639,11424,462,675,12099
40,1285,1299,2584,1351,3935,1424,5359,1738,5673,1157,6830,1486,8316,1551,9867,1551,11418,462,682,12100
33,1299,1303,2602,1292,3894,1296,5190,1579,5473,1037,6510,1431,7941,1665,9606,1767,11373,462,730,12103
40,1331,1338,2669,1358,4027,1381,5408,1683,5710,1098,6808,1463,8271,1543,9814,1575,11389,462,716,12105
40,1260,1315,2575,1364,3939,1392,5331,1689,5628,1086,6714,1468,8182,1560,9742,1622,11364,462,741,12105
36,1294,1255,2549,1258,3807,1249,5056,1523,5330,985,6315,1292,7607,1314,8921,1788,10709,462,1397,12106
39,1204,1191,2395,1210,3605,1354,4959,1663,5268,1172,6440,1644,8084,1643,9727,1652,11379,462,728,12107
37,1378,Err:520,Err:520,Err:520,4130,1384,5514,1688,5818,1121,6939,1437,8376,1521,9897,1510,11407,462,703,12110
30,1284,1265,2549,1272,3821,1327,5148,1617,5438,1101,6539,1545,8084,1649,9733,1719,11452,462,659,12111
36,1409,1429,2838,1426,4264,1447,5711,1754,6018,1135,7153,1461,8614,1413,10027,1442,11469,462,642,12111
35,1284,1306,2590,1318,3908,1359,5267,1652,5560,1081,6641,1507,8148,1590,9738,1735,11473,462,639,12112
34,1303,1409,2712,1356,4068,1375,5443,1675,5743,1120,6863,1483,8346,1534,9880,1549,11429,463,685,12114
40,1340,1308,2648,1340,3988,1361,5349,1658,5646,1101,6747,1463,8210,1581,9791,1605,11396,463,718,12114
40,1314,1329,2643,1357,4000,1411,5411,1711,5711,1108,6819,1458,8277,1524,9801,1584,11385,463,736,12121
30,1382,1345,2727,1368,4095,1377,5472,1675,5770,1089,6859,1406,8265,1448,9713,1663,11376,463,746,12122
35,1341,1351,2692,1395,4087,1439,5526,1757,5844,1143,6987,1503,8490,1517,10007,1489,11496,463,627,12123
33,1130,1146,2276,1185,3461,1227,4688,1496,4957,1024,5981,1547,7528,1967,9495,1942,11437,463,688,12125
36,1229,1232,2461,1275,3736,1357,5093,1651,5387,1230,6617,1646,8263,1642,9905,1590,11495,463,632,12127
31,1269,1277,2546,1283,3829,1318,5147,1601,5430,1101,6531,1520,8051,1650,9701,1664,11365,463,764,12129
37,1278,1304,2582,1296,3878,1344,5222,1644,5522,1077,6599,1615,8214,1483,9697,1685,11382,463,747,12129
40,1335,1342,2677,1368,4045,1389,5434,1690,5735,1107,6842,1477,8319,1551,9870,1564,11434,463,696,12130
36,1188,1173,2361,1326,3687,1383,5070,1672,5359,1162,6521,1528,8049,1573,9622,1802,11424,463,707,12131
37,1374,1399,2773,1402,4175,1429,5604,1736,5911,1120,7031,1468,8499,1495,9994,1473,11467,463,668,12135
40,1219,1233,2452,1290,3742,1356,5098,1647,5389,1122,6511,1546,8057,1582,9639,1804,11443,463,693,12136
30,1318,1325,2643,1303,3946,1323,5269,1617,5563,1079,6642,1390,8032,1503,9535,1595,11130,464,1012,12142
37,1416,1397,2813,1391,4204,1429,5633,1733,5937,1118,7055,1453,8508,1498,10006,1489,11495,464,649,12144
31,1228,1204,2432,1239,3671,1339,5010,1621,5292,1039,6331,1360,7691,1553,9244,2056,11300,464,845,12145
34,1275,1311,2586,1376,3962,1443,5405,1753,5715,1139,6854,1464,8318,1520,9838,1616,11454,464,691,12145
31,1409,1378,2787,1365,4152,1376,5528,1671,5823,1092,6915,1441,8356,1532,9888,1570,11458,464,688,12146
38,1420,1440,2860,1453,4313,1444,5757,1750,6063,1125,7188,1432,8620,1427,10047,1433,11480,464,666,12146
38,1256,1263,2519,1315,3834,1399,5233,1703,5537,1131,6668,1484,8152,1626,9778,1668,11446,464,702,12148
32,1220,1231,2451,1273,3724,1359,5083,1658,5382,1195,6577,1633,8210,1645,9855,1646,11501,464,647,12148
39,1318,1346,2664,1377,4041,1427,5468,1737,5778,1133,6911,1495,8406,1543,9949,1519,11468,464,681,12149
38,1312,1324,2636,1333,3969,1319,5288,1607,5576,1031,6607,1356,7963,1565,9528,1796,11324,464,825,12149
36,1427,1443,2870,1441,4311,1435,5746,1746,6057,1114,7171,1433,8604,1445,10049,1484,11533,464,621,12154
35,1335,1344,2679,1339,4018,1356,5374,1656,5674,1068,6742,1428,8170,1522,9692,1692,11384,464,772,12156
33,1264,1280,2544,1290,3834,1335,5169,1627,5461,1080,6541,1448,7989,1535,9524,1842,11366,464,791,12157
39,1282,1246,2528,1248,3776,1483,5259,1763,5539,1089,6628,1409,8037,1754,9791,1581,11372,464,785,12157
35,1391,1390,2781,1404,4185,1432,5617,1744,5929,1120,7049,1476,8525,1504,10029,1481,11510,464,648,12158
39,1355,1367,2722,1358,4080,1385,5465,1686,5766,1094,6860,1465,8325,1539,9864,1586,11450,464,711,12161
40,1389,1349,2738,1349,4087,1387,5474,1689,5776,1080,6856,1459,8315,1553,9868,1592,11460,464,701,12161
36,1336,1331,2667,1330,3997,1354,5351,1641,5638,1057,6695,1412,8107,1543,9650,1806,11456,464,706,12162
40,1408,1374,2782,1408,4190,1406,5596,1719,5909,1119,7028,1468,8496,1498,9994,1519,11513,464,649,12162
35,1226,1232,2458,1273,3731,1301,5032,1582,5313,1017,6330,1394,7724,1544,9268,2049,11317,465,853,12170
35,1438,1276,2714,1319,4033,1355,5388,1657,5690,1088,6778,1467,8245,1585,9830,1665,11495,465,677,12172
34,1281,1315,2596,1386,3982,1421,5403,1726,5708,1124,6832,1503,8335,1546,9881,1530,11411,465,762,12173
33,1346,1334,2680,1327,4007,1388,5395,1692,5699,1133,6832,1527,8359,1561,9920,1582,11502,465,671,12173
32,1278,1298,2576,1350,3926,1373,5299,1666,5592,1118,6710,1455,8165,1540,9705,1771,11476,465,698,12174
35,1244,1268,2512,1295,3807,1325,5132,1618,5425,1081,6506,1468,7974,1658,9632,1831,11463,465,712,12175
31,1353,1309,2662,1336,3998,1365,5363,1657,5655,1090,6745,1480,8225,1594,9819,1610,11429,465,746,12175
40,1383,1374,2757,1375,4132,1397,5529,1698,5830,1107,6937,1449,8386,1478,9864,1602,11466,465,712,12178
40,1300,1323,2623,1350,3973,1412,5385,1716,5689,1168,6857,1519,8376,1573,9949,1552,11501,465,680,12181
38,1250,1261,2511,1275,3786,1334,5120,1631,5417,1155,6572,1620,8192,1580,9772,1665,11437,465,745,12182
36,1334,1338,2672,1351,4023,1399,5422,1698,5721,1083,6804,1443,8247,1518,9765,1686,11451,465,731,12182
40,1226,1304,2530,1333,3863,1390,5253,1697,5560,1135,6695,1511,8206,1630,9836,1654,11490,465,692,12182
38,1417,1444,2861,1421,4282,1423,5705,1735,6017,1151,7168,1431,8599,1451,10050,1482,11532,465,650,12182
38,1288,1285,2573,1329,3902,1389,5291,1682,5584,1081,6665,1456,8121,1651,9772,1704,11476,465,709,12185
38,1256,1244,2500,1283,3783,1330,5113,1621,5404,1062,6466,1438,7904,1605,9509,1868,11377,465,808,12185
34,1270,1258,2528,1266,3794,1276,5070,1557,5351,1032,6383,1511,7894,1742,9636,1742,11378,465,808,12186
32,1455,1445,2900,1440,4340,1440,5780,1746,6086,1114,7200,1452,8652,1494,10146,1430,11576,465,610,12186
30,1370,1393,2763,1392,4155,1403,5558,1705,5860,1103,6963,1467,8430,1518,9948,1548,11496,465,690,12186
40,1359,1333,2692,1336,4028,1371,5399,1673,5701,1076,6777,1452,8229,1546,9775,1664,11439,465,749,12188
31,1357,1348,2705,1350,4055,1361,5416,1648,5703,1192,6895,1438,8333,1510,9843,1708,11551,465,640,12191
38,1302,1327,2629,1336,3965,1403,5368,1720,5685,1197,6882,1535,8417,1564,9981,1569,11550,465,642,12192
35,1267,1319,2586,1405,3991,1447,5438,1742,5733,1137,6870,1495,8365,1522,9887,1599,11486,465,706,12192
40,1359,1368,2727,1380,4107,1427,5534,1733,5840,1142,6982,1481,8463,1531,9994,1553,11547,466,646,12193
38,1320,1343,2663,1362,4025,1484,5509,1841,5866,1136,7002,1517,8519,1528,10047,1474,11521,466,674,12195
33,1330,1356,2686,1360,4046,1382,5428,1678,5724,1069,6793,1622,8415,1587,10002,1502,11504,466,691,12195
37,1330,1356,2686,1360,4046,1383,5429,1678,5724,1069,6793,1622,8415,1587,10002,1503,11505,466,690,12195
37,1299,1280,2579,1268,3847,1325,5172,1626,5473,1079,6552,1431,7983,1632,9615,1787,11402,466,796,12198
37,1352,1372,2724,1385,4109,1419,5528,1730,5839,1120,6959,1478,8437,1545,9982,1532,11514,466,687,12201
34,1310,1337,2647,1346,3993,1399,5392,1705,5698,1125,6823,1501,8324,1582,9906,1574,11480,466,723,12203
36,1293,1294,2587,1283,3870,1384,5254,1672,5542,1120,6662,1518,8180,1594,9774,1772,11546,466,657,12203
40,1349,1335,2684,1364,4048,1372,5420,1668,5716,1081,6797,1429,8226,1586,9812,1661,11473,466,731,12204
30,1280,1333,2613,1379,3992,1404,5396,1700,5692,1087,6779,1486,8265,1576,9841,1629,11470,466,734,12204
33,1248,1247,2495,1272,3767,1383,5150,1692,5459,1135,6594,1543,8137,1643,9780,1714,11494,466,710,12204
32,1164,1193,2357,1206,3563,Err:520,Err:520,Err:520,Err:520,Err:520,7271,1357,8628,1478,10106,1450,11556,466,648,12204
40,1330,1288,2618,1297,3915,1364,5279,1659,5574,1109,6683,1505,8188,1618,9806,1741,11547,466,660,12207
40,1468,1509,2977,1478,4455,1448,5903,1766,6221,1116,7337,1507,8844,1475,10319,1308,11627,466,585,12212
38,1317,1328,2645,1322,3967,1342,5309,1626,5593,1058,6651,1435,8086,1576,9662,1803,11465,466,748,12213
36,1323,1294,2617,1321,3938,1371,5309,1663,5601,1118,6719,1447,8166,1603,9769,1719,11488,466,726,12214
38,1197,1143,2340,1282,3622,1348,4970,1622,5244,1096,6340,1635,7975,1802,9777,1742,11519,466,696,12215
40,1309,1343,2652,1362,4014,1402,5416,1709,5723,1130,6853,1503,8356,1550,9906,1631,11537,466,679,12216
35,1223,1270,2493,1347,3840,1325,5165,1626,5466,1072,6538,1520,8058,1635,9693,1722,11415,466,801,12216
39,1239,1293,2532,1244,3776,1293,5069,1574,5350,1056,6406,1393,7799,1769,9568,1824,11392,466,825,12217
31,1298,1327,2625,1364,3989,1410,5399,1710,5699,1113,6812,1498,8310,1583,9893,1626,11519,467,701,12220
31,1238,1262,2500,1302,3802,1318,5120,1601,5403,1065,6468,1672,8140,1636,9776,1693,11469,467,752,12221
32,1267,1310,2577,1323,3900,1421,5321,1723,5623,1137,6760,1531,8291,1635,9926,1631,11557,467,665,12222
40,1254,1279,2533,1319,3852,1380,5232,1689,5541,1130,6671,1534,8205,1622,9827,1660,11487,467,736,12223
40,1329,1334,2663,1369,4032,1404,5436,1715,5747,1128,6875,1522,8397,1646,10043,1554,11597,467,628,12225
40,1380,1407,2787,1406,4193,1434,5627,1747,5940,1116,7056,1500,8556,1508,10064,1491,11555,467,670,12225
39,1262,1381,2643,1441,4084,1448,5532,1759,5843,1145,6988,1472,8460,1532,9992,1544,11536,467,691,12227
35,1296,1258,2554,1272,3826,1404,5230,1706,5532,1141,6673,1520,8193,1597,9790,1669,11459,467,769,12228
32,1379,1351,2730,1359,4089,1409,5498,1733,5822,1112,6934,1483,8417,1543,9960,1595,11555,467,674,12229
34,1303,1279,2582,1261,3843,1267,5110,1544,5387,989,6376,1285,7661,1346,9007,2522,11529,467,703,12232
38,1297,1283,2580,1261,3841,1294,5135,1568,5409,1048,6457,1446,7903,1898,9801,1682,11483,467,750,12233
36,1378,1412,2790,1446,4236,1457,5693,1771,6007,1131,7138,1471,8609,1493,10102,1476,11578,467,656,12234
36,1282,1255,2537,1277,3814,1311,5125,1600,5414,1064,6478,1456,7934,1714,9648,1845,11493,467,741,12234
38,1191,1172,2363,1186,3549,1215,4764,1483,5032,977,6009,1360,7369,1631,9000,2305,11305,467,930,12235
39,1422,1432,2854,1425,4279,1430,5709,1737,6016,1118,7134,1464,8598,1497,10095,1499,11594,467,643,12237
40,1594,1454,3048,1418,4466,1411,5877,1712,6178,1099,7277,1413,8690,1437,10127,1463,11590,467,648,12238
36,1308,1312,2620,1388,4008,1470,5478,1778,5786,1137,6923,1492,8415,1535,9950,1605,11555,467,683,12238
40,1459,1426,2885,1417,4302,1444,5746,1754,6056,1128,7184,1454,8638,1471,10109,1449,11558,467,681,12239
38,1324,1318,2642,1366,4008,1400,5408,1703,5711,1098,6809,1507,8316,1558,9874,1634,11508,467,732,12240
39,1264,1296,2560,1344,3904,1467,5371,1750,5654,1161,6815,1578,8393,1549,9942,1622,11564,467,676,12240
36,1336,1350,2686,1343,4029,1363,5392,1658,5687,1075,6762,1448,8210,1538,9748,1724,11472,467,769,12241
36,1327,1315,2642,1343,3985,1375,5360,1672,5657,1095,6752,1456,8208,1614,9822,1706,11528,468,717,12245
31,1380,1389,2769,1372,4141,1398,5539,1699,5840,1094,6934,1480,8414,1518,9932,1613,11545,468,702,12247
32,1378,1373,2751,1397,4148,1446,5594,1757,5905,1122,7027,1488,8515,1512,10027,1536,11563,468,686,12249
35,1340,1328,2668,1304,3972,1344,5316,1643,5615,1059,6674,1421,8095,1579,9674,1812,11486,468,764,12250
36,1397,1386,2783,1382,4165,1398,5563,1704,5869,1100,6969,1442,8411,1517,9928,1629,11557,468,694,12251
38,1305,1307,2612,1344,3956,1408,5364,1714,5670,1149,6819,1509,8328,1612,9940,1611,11551,468,700,12251
40,1326,1343,2669,1360,4029,1400,5429,1706,5735,1102,6837,1470,8307,1600,9907,1640,11547,468,706,12253
39,1328,1321,2649,1322,3971,1346,5317,1640,5611,1073,6684,1457,8141,1544,9685,1675,11360,468,894,12254
40,1366,1378,2744,1443,4187,1404,5591,1700,5887,1098,6985,1554,8539,1542,10081,1541,11622,468,633,12255
40,1314,1291,2605,1307,3912,1360,5272,1664,5576,1110,6686,1478,8164,1635,9799,1730,11529,468,726,12255
39,1426,1364,2790,1366,4156,1376,5532,1674,5830,1078,6908,1428,8336,1528,9864,1578,11442,468,815,12257
39,1265,1265,2530,1290,3820,1361,5181,1655,5475,1137,6612,1541,8153,1614,9767,1761,11528,468,730,12258
39,1272,1308,2580,1322,3902,1354,5256,1646,5548,1104,6652,1500,8152,1571,9723,1839,11562,468,699,12261
32,1432,1239,2671,1304,3975,1358,5333,1675,5650,1108,6758,1555,8313,1611,9924,1605,11529,468,732,12261
38,1319,1331,2650,1360,4010,1403,5413,1712,5722,1140,6862,1464,8326,1609,9935,1589,11524,468,738,12262
38,1326,1344,2670,1369,4039,1396,5435,1702,5741,1121,6862,1507,8369,1568,9937,1612,11549,468,714,12263
39,1248,1263,2511,1267,3778,1267,5045,1542,5320,1022,6342,1402,7744,1622,9366,1969,11335,468,930,12265
37,1372,1385,2757,1382,4139,1469,5608,1766,5905,1083,6988,1427,8415,1493,9908,1589,11497,468,768,12265
32,1410,1388,2798,1389,4187,1399,5586,1701,5888,1100,6988,1420,8408,1547,9955,1572,11527,468,739,12266
40,1327,1306,2633,1354,3987,1405,5392,1721,5708,1158,6866,1505,8371,1569,9940,1594,11534,468,734,12268
36,1297,1268,2565,1294,3859,1270,5129,1554,5413,1130,6543,1521,8064,1655,9719,1792,11511,468,759,12270
38,1525,1330,2855,1345,4200,1366,5566,1653,5853,1087,6940,1474,8414,1603,10017,1525,11542,469,730,12272
36,1169,1175,2344,1232,3576,1349,4925,1636,5212,1229,6441,1580,8021,1744,9765,1856,11621,469,651,12272
40,1295,1318,2613,1349,3962,1427,5389,1746,5708,1179,6887,1577,8464,1588,10052,1523,11575,469,697,12272
38,1291,1321,2612,1324,3936,1371,5307,1669,5605,1107,6712,1513,8225,1603,9828,1685,11513,469,763,12276
40,1245,1241,2486,1313,3799,1465,5264,1782,5581,1262,6843,1518,8361,1537,9898,1643,11541,469,736,12277
32,1242,1272,2514,1289,3803,1392,5195,1706,5509,1146,6655,1519,8174,1628,9802,1720,11522,469,755,12277
40,1333,1340,2673,1337,4010,1368,5378,1665,5675,1119,6794,1521,8315,1637,9952,1647,11599,469,678,12277
40,1351,1366,2717,1364,4081,1427,5508,1734,5815,1135,6950,1456,8406,1550,9956,1598,11554,469,723,12277
35,1293,1295,2588,1313,3901,1368,5269,1665,5566,1085,6651,1447,8098,1582,9680,1720,11400,469,878,12278
37,1473,1452,2925,1438,4363,1454,5817,1771,6134,1136,7270,1464,8734,1456,10190,1449,11639,469,639,12278
39,1259,1271,2530,1286,3816,1289,5105,1565,5381,1026,6407,1556,7963,1681,9644,1941,11585,469,702,12287
35,1390,1373,2763,1357,4120,1371,5491,1665,5785,1085,6870,1437,8307,1520,9827,1661,11488,469,803,12291
39,1298,1261,2559,1269,3828,1518,5346,1818,5646,1075,6721,1554,8275,1582,9857,1752,11609,469,683,12292
37,1261,1277,2538,1275,3813,1290,5103,1570,5383,1014,6397,1344,7741,1556,9297,2193,11490,469,803,12293
31,1267,1288,2555,1280,3835,1341,5176,1643,5478,1132,6610,1536,8146,1608,9754,1802,11556,470,741,12297
39,1284,1320,2604,1371,3975,1412,5387,1714,5689,1106,6795,1509,8304,1606,9910,1681,11591,470,707,12298
38,1445,1372,2817,1385,4202,1349,5551,1648,5850,1097,6947,1525,8472,1579,10051,1544,11595,470,703,12298
31,1295,1287,2582,1278,3860,1292,5152,1570,5430,1004,6434,1365,7799,1928,9727,1898,11625,470,675,12300
33,1286,1288,2574,1449,4023,1459,5482,1771,5794,1125,6919,1500,8419,1578,9997,1609,11606,470,694,12300
35,1356,1355,2711,1376,4087,1410,5497,1722,5809,1131,6940,1498,8438,1566,10004,1582,11586,470,716,12302
37,1293,1305,2598,1337,3935,1411,5346,1714,5649,1151,6800,1549,8349,1579,9928,1674,11602,470,700,12302
36,1337,1372,2709,1431,4140,1496,5636,1816,5956,1144,7100,1485,8585,1547,10132,1523,11655,470,647,12302
40,1273,1272,2545,1299,3844,1378,5222,1678,5522,1213,6735,1519,8254,1575,9829,1749,11578,470,724,12302
38,1238,1256,2494,1287,3781,1333,5114,1627,5408,1306,6714,1609,8323,1633,9956,1596,11552,470,750,12302
38,1333,1363,2696,1355,4051,1409,5460,1723,5774,1124,6898,1556,8454,1562,10016,1568,11584,470,719,12303
40,1321,1323,2644,1350,3994,1396,5390,1699,5693,1129,6822,1483,8305,1566,9871,1673,11544,470,761,12305
40,1363,1421,2784,1419,4203,1455,5658,1772,5975,1146,7121,1540,8661,1540,10201,1497,11698,470,609,12307
37,1206,1205,2411,1270,3681,1390,5071,1690,5371,1092,6463,1463,7926,1722,9648,1926,11574,470,734,12308
36,1371,1363,2734,1376,4110,1427,5537,1738,5848,1128,6976,1473,8449,1565,10014,1614,11628,470,680,12308
36,1278,1294,2572,1312,3884,1384,5268,1684,5568,1150,6718,1547,8265,1682,9947,1707,11654,470,654,12308
33,1269,1292,2561,1359,3920,1399,5319,1708,5628,1119,6747,1494,8241,1640,9881,1704,11585,470,723,12308
39,1315,1328,2643,1367,4010,1379,5389,1685,5695,1115,6810,1491,8301,1577,9878,1694,11572,470,737,12309
34,1227,1270,2497,1349,3846,1482,5328,1779,5625,1151,6776,1573,8349,1639,9988,1643,11631,470,678,12309
33,1263,1248,2511,1285,3796,1341,5137,1637,5433,1209,6642,1523,8165,1662,9827,1817,11644,470,666,12310
38,1351,1357,2708,1367,4075,1398,5473,1702,5777,1123,6900,1482,8382,1559,9941,1629,11570,470,740,12310
35,1228,1221,2449,1257,3706,1345,5051,1634,5340,1186,6526,1513,8039,1741,9780,1718,11498,470,815,12313
34,1312,1382,2694,1409,4103,1447,5550,1763,5866,1168,7034,1517,8551,1551,10102,1535,11637,470,677,12314
32,1299,1292,2591,1285,3876,1331,5207,1620,5496,1065,6561,1372,7933,1529,9462,2016,11478,470,838,12316
37,1361,1358,2719,1388,4107,1415,5522,1720,5827,1111,6938,1495,8433,1576,10009,1630,11639,470,679,12318
36,1357,1354,2711,1381,4092,1392,5484,1694,5786,1107,6893,1490,8383,1560,9943,1642,11585,470,733,12318
37,1329,1324,2653,1328,3981,1378,5359,1686,5667,1091,6758,1471,8229,1665,9894,1563,11457,470,861,12318
39,1296,1311,2607,1324,3931,1393,5324,1699,5630,1108,6738,1509,8247,1582,9829,1760,11589,470,730,12319
31,1327,1329,2656,1342,3998,1375,5373,1678,5676,1128,6804,1461,8265,1613,9878,1684,11562,470,757,12319
38,1252,1246,2498,1252,3750,1269,5019,1552,5302,1030,6332,1646,7978,1721,9699,1797,11496,470,825,12321
35,1087,1133,2220,1208,3428,1295,4723,1585,5013,1114,6127,1649,7776,1920,9696,1780,11476,471,849,12325
37,1316,1313,2629,1344,3973,1383,5356,1683,5656,1083,6739,1473,8212,1589,9801,1745,11546,471,779,12325
37,1242,1235,2477,1243,3720,1265,4985,1543,5263,1087,6350,1521,7871,1857,9728,1796,11524,471,802,12326
38,1263,1301,2564,1390,3954,1428,5382,1741,5695,1303,6998,1521,8519,1545,10064,1568,11632,471,694,12326
38,1360,1416,2776,1448,4224,1392,5616,1681,5905,1113,7018,1496,8514,1589,10103,1537,11640,471,686,12326
31,1276,1270,2546,1285,3831,1343,5174,1644,5475,1120,6595,1510,8105,1596,9701,1868,11569,471,759,12328
39,1233,1257,2490,1294,3784,1331,5115,1623,5407,1068,6475,1412,7887,1519,9406,2136,11542,471,786,12328
37,1272,1325,2597,1431,4028,1470,5498,1773,5801,1152,6953,1520,8473,1527,10000,1554,11554,471,775,12329
31,1230,1288,2518,1298,3816,1322,5138,1612,5428,1317,6745,1640,8385,1601,9986,1625,11611,471,718,12329
31,1341,1419,2760,1439,4199,1466,5665,1786,5985,1197,7182,1519,8701,1541,10242,1477,11719,471,611,12330
32,1349,1373,2722,1406,4128,1431,5559,1743,5871,1144,7015,1490,8505,1527,10032,1593,11625,471,707,12332
40,1322,1299,2621,1323,3944,1365,5309,1656,5600,1092,6692,1451,8143,1707,9850,1800,11650,471,684,12334
40,1253,1265,2518,1296,3814,1351,5165,1656,5470,1172,6642,1554,8196,1704,9900,1736,11636,471,699,12335
39,1287,1315,2602,1316,3918,1364,5282,1670,5588,1139,6727,1522,8249,1624,9873,1735,11608,471,727,12335
31,1282,1279,2561,1288,3849,1328,5177,1649,5498,1219,6717,1511,8228,1624,9852,1717,11569,471,767,12336
36,1379,1380,2759,1402,4161,1418,5579,1726,5887,1099,6986,1402,8388,1485,9873,1637,11510,471,826,12336
39,1432,1413,2845,1393,4238,1433,5671,1736,5974,1196,7170,1530,8700,1543,10243,1461,11704,471,633,12337
31,1407,1459,2866,1475,4341,1460,5801,1774,6115,1128,7243,1485,8728,1488,10216,1476,11692,471,645,12337
31,1282,1279,2561,1315,3876,1413,5289,1711,5587,1131,6718,1511,8229,1626,9855,1715,11570,471,767,12337
39,1251,1302,2553,1356,3909,1398,5307,1701,5610,1123,6733,1485,8218,1626,9844,1740,11584,471,756,12340
30,1317,1319,2636,1340,3976,1416,5392,1726,5702,1211,6913,1534,8447,1626,10073,1565,11638,471,706,12344
40,1434,1354,2788,1355,4143,1404,5547,1713,5856,1099,6955,1534,8489,1570,10059,1574,11633,471,711,12344
40,1317,1323,2640,1324,3964,1455,5419,1750,5714,1150,6864,1534,8398,1665,10063,1577,11640,471,705,12345
40,1247,1245,2492,1273,3765,1456,5221,1787,5552,1235,6787,1556,8343,1649,9992,1667,11659,471,687,12346
37,1287,1338,2625,1394,4019,1439,5458,1753,5772,1172,6944,1537,8481,1590,10071,1576,11647,471,700,12347
40,1384,1324,2708,1332,4040,1352,5392,1647,5687,1069,6756,1409,8165,1625,9790,1802,11592,471,755,12347
37,1254,1257,2511,1254,3765,1266,5031,1546,5311,1064,6375,1726,8101,1954,10055,1654,11709,471,640,12349
37,1254,1274,2528,1266,3794,1302,5096,1587,5381,1066,6447,1573,8020,1727,9747,1742,11489,472,861,12350
37,1335,1343,2678,1350,4028,1363,5391,1661,5689,1078,6767,1451,8218,1568,9786,1658,11444,472,906,12350
36,1329,1348,2677,1389,4066,1406,5472,1706,5772,1098,6870,1460,8330,1579,9909,1682,11591,472,761,12352
37,1363,1372,2735,1435,4170,1388,5558,1695,5865,1103,6968,1487,8455,1620,10075,1622,11697,472,658,12355
37,1335,1330,2665,1365,4030,1485,5515,1827,5857,1173,7030,1561,8591,1574,10165,1531,11696,472,660,12356
37,1275,1268,2543,1292,3835,1327,5162,1619,5454,1084,6538,1432,7970,1924,9894,1696,11590,472,767,12357
40,1312,1342,2654,1366,4020,1396,5416,1705,5725,1091,6816,1458,8274,1530,9804,1828,11632,472,727,12359
34,1326,1321,2647,1313,3960,1338,5298,1629,5589,1060,6649,1397,8046,1895,9941,1708,11649,472,711,12360
37,1334,1330,2664,1360,4024,1405,5429,1713,5737,1114,6851,1455,8306,1655,9961,1679,11640,472,722,12362
35,1318,1306,2624,1325,3949,1378,5327,1682,5631,1132,6763,1527,8290,1636,9926,1673,11599,472,764,12363
33,1250,1230,2480,1251,3731,1320,5051,1613,5344,1080,6424,1514,7938,1637,9575,1901,11476,472,887,12363
31,1291,1280,2571,1262,3833,1283,5116,1564,5397,1048,6445,1556,8001,1757,9758,1846,11604,472,759,12363
34,1295,1326,2621,1369,3990,1557,5547,1869,5859,1123,6982,1463,8445,1390,9835,1745,11580,472,784,12364
32,1446,1299,2745,1313,4058,1374,5432,1690,5748,1123,6871,1497,8368,1642,10010,1644,11654,472,710,12364
36,1323,1348,2671,1367,4038,1409,5447,1715,5753,1114,6867,1501,8368,1602,9970,1673,11643,472,723,12366
34,1423,1381,2804,1429,4233,1471,5704,1794,6027,1166,7193,1501,8694,1519,10213,1504,11717,472,649,12366
30,1266,1286,2552,1277,3829,1288,5117,1570,5399,1031,6430,1412,7842,1683,9525,2007,11532,472,835,12367
36,1342,1338,2680,1351,4031,1439,5470,1759,5790,1257,7047,1620,8667,1592,10259,1513,11772,472,595,12367
33,1308,1331,2639,1336,3975,1373,5348,1673,5648,1073,6721,1508,8229,1652,9881,1746,11627,472,741,12368
31,1434,1415,2849,1425,4274,1454,5728,1776,6050,1153,7203,1524,8727,1539,10266,1497,11763,472,605,12368
34,1207,1188,2395,1183,3578,1215,4793,1479,5057,1022,6079,1428,7507,1567,9074,2472,11546,472,825,12371
32,1287,1268,2555,1273,3828,1337,5165,1629,5457,1088,6545,1486,8031,1772,9803,1825,11628,472,746,12374
37,1510,1369,2879,1358,4237,1478,5715,1762,5999,1075,7074,1500,8574,1557,10131,1651,11782,473,595,12377
37,1325,1278,2603,1261,3864,1307,5171,1589,5453,1084,6537,1519,8056,1960,10016,1657,11673,473,705,12378
40,1310,1388,2698,1356,4054,1396,5450,1694,5748,1113,6861,1504,8365,1614,9979,1673,11652,473,726,12378
34,1301,1298,2599,1369,3968,1424,5392,1730,5698,1148,6846,1614,8460,1648,10108,1577,11685,473,694,12379
35,1305,1287,2592,1293,3885,1305,5190,1591,5476,1087,6563,1479,8042,1614,9656,1913,11569,473,810,12379
35,1266,1259,2525,1308,3833,1364,5197,1659,5492,1160,6652,1598,8250,1712,9962,1658,11620,473,759,12379
34,1324,1302,2626,1301,3927,1354,5281,1646,5573,1065,6638,1434,8072,1716,9788,1788,11576,473,805,12381
38,1405,1380,2785,1384,4169,1469,5638,1775,5944,1117,7061,1514,8575,1546,10121,1568,11689,473,693,12382
39,1228,1292,2520,1345,3865,1430,5295,1737,5602,1161,6763,1564,8327,1647,9974,1690,11664,473,718,12382
37,1236,1328,2564,1409,3973,1494,5467,1823,5796,1188,6984,1563,8547,1648,10195,1513,11708,473,675,12383
38,1347,1315,2662,1323,3985,1379,5364,1672,5657,1264,6921,1634,8555,1647,10202,1557,11759,473,630,12389
36,1293,1301,2594,1328,3922,1412,5334,1729,5651,1140,6791,1591,8382,1619,10001,1675,11676,473,714,12390
38,1289,1292,2581,1327,3908,1410,5318,1717,5625,1147,6772,1483,8255,1616,9871,1762,11633,473,757,12390
36,1259,1247,2506,1289,3795,1352,5147,1653,5448,1134,6582,1611,8193,1705,9898,1731,11629,473,763,12392
40,1359,1345,2704,1359,4063,1364,5427,1662,5725,1083,6808,1574,8382,1610,9992,1665,11657,473,742,12399
35,1517,1493,3010,1457,4467,1442,5909,1759,6226,1129,7355,1470,8825,1473,10298,1452,11750,474,652,12402
31,1113,1146,2259,1183,3442,1231,4673,1545,4987,1402,6389,1680,8069,1395,9464,2093,11557,474,846,12403
40,1261,1286,2547,1338,3885,1393,5278,1699,5584,1117,6701,1508,8209,1641,9850,1786,11636,474,768,12404
40,1315,1344,2659,1392,4051,1463,5514,1784,5835,1174,7009,1532,8541,1599,10140,1577,11717,474,687,12404
37,1282,1288,2570,1293,3863,1317,5180,1611,5474,1067,6541,1465,8006,1692,9698,1891,11589,474,815,12404
40,1199,1286,2485,1293,3778,1357,5135,1647,5425,1137,6562,1574,8136,1745,9881,1775,11656,474,750,12406
39,1302,1295,2597,1294,3891,1302,5193,1585,5476,1029,6505,1350,7855,1587,9442,2092,11534,474,873,12407
38,1231,1242,2473,1250,3723,1280,5003,1558,5281,1098,6379,1582,7961,1713,9674,1965,11639,474,770,12409
30,1239,1271,2510,1298,3808,1370,5178,1672,5480,1140,6620,1548,8168,1720,9888,1776,11664,474,746,12410
40,1362,1359,2721,1348,4069,1372,5441,1677,5746,1109,6855,1513,8368,1617,9985,1665,11650,474,763,12413
40,1210,1221,2431,1272,3703,1337,5040,1633,5336,1100,6436,1494,7930,1771,9701,1893,11594,474,821,12415
40,1481,1474,2955,1511,4466,1447,5913,1759,6225,1110,7335,1468,8803,1448,10251,1482,11733,474,682,12415
33,1342,1373,2715,1383,4098,1428,5526,1741,5839,1132,6971,1531,8502,1628,10130,1600,11730,474,685,12415
39,1335,1347,2682,1392,4074,1432,5506,1741,5815,1155,6970,1608,8578,1561,10139,1575,11714,474,701,12415
38,1409,1380,2789,1395,4184,1434,5618,1747,5931,1156,7087,1507,8594,1545,10139,1576,11715,474,700,12415
35,1232,1222,2454,1234,3688,1260,4948,1542,5230,1038,6268,1555,7823,2017,9840,1751,11591,474,826,12417
36,1274,1287,2561,1294,3855,1309,5164,1601,5456,1074,6530,1538,8068,1688,9756,1857,11613,474,806,12419
35,1276,1304,2580,1336,3916,1384,5300,1691,5607,1127,6734,1527,8261,1692,9953,1729,11682,474,738,12420
35,1347,1322,2669,1338,4007,1383,5390,1692,5699,1163,6862,1491,8353,1576,9929,1754,11683,474,737,12420
40,1513,1453,2966,1488,4454,1492,5946,1813,6267,1177,7444,1471,8915,1475,10390,1405,11795,474,626,12421
31,1098,1241,2339,1360,3699,1455,5154,1776,5475,1207,6682,1660,8342,1651,9993,1677,11670,474,752,12422
40,1249,1283,2532,1308,3840,1355,5195,1650,5490,1074,6564,1419,7983,1674,9657,1912,11569,474,853,12422
32,1289,1316,2605,1346,3951,1482,5433,1777,5728,1241,6969,1523,8492,1581,10073,1619,11692,474,730,12422
39,1335,1340,2675,1336,4011,1442,5453,1758,5769,1203,6972,1574,8546,1564,10110,1660,11770,474,654,12424
35,1253,1294,2547,1376,3923,1450,5373,1767,5690,1156,6846,1557,8403,1603,10006,1640,11646,474,779,12425
37,1280,1279,2559,1336,3895,1465,5360,1767,5662,1179,6841,1532,8373,1775,10148,1629,11777,474,648,12425
34,1504,1410,2914,1406,4320,1448,5768,1763,6083,1159,7242,1535,8777,1527,10304,1493,11797,474,628,12425
35,1318,1268,2586,1292,3878,1368,5246,1671,5549,1138,6687,1631,8318,1797,10115,1639,11754,474,671,12425
35,1358,1354,2712,1397,4109,1446,5555,1758,5867,1132,6999,1514,8513,1569,10082,1635,11717,475,711,12428
30,1344,1364,2708,1377,4085,1431,5516,1747,5832,1138,6970,1511,8481,1578,10059,1630,11689,475,739,12428
33,1298,1272,2570,1241,3811,1253,5064,1526,5337,984,6321,1492,7813,1803,9616,2025,11641,475,788,12429
38,1260,1265,2525,1268,3793,1298,5091,1582,5375,1072,6447,1595,8042,1768,9810,1844,11654,475,775,12429
40,1294,1299,2593,1351,3944,1454,5398,1774,5718,1273,6991,1600,8591,1577,10168,1583,11751,475,679,12430
35,1326,1356,2682,1418,4100,1452,5552,1766,5866,1142,7008,1518,8526,1602,10128,1566,11694,475,737,12431
30,1225,1223,2448,1278,3726,1532,5258,1838,5564,1168,6732,1570,8302,1703,10005,1725,11730,475,702,12432
40,1433,1388,2821,1412,4233,1425,5658,1726,5959,1112,7071,1488,8559,1567,10126,1610,11736,475,699,12435
34,1270,1295,2565,1313,3878,1347,5225,1646,5524,1158,6682,1780,8462,1653,10115,1613,11728,475,708,12436
32,1426,1351,2777,1406,4183,1397,5580,1704,5887,1106,6993,1494,8487,1631,10118,1625,11743,475,695,12438
34,1331,1306,2637,1340,3977,1502,5479,1814,5791,1248,7039,1563,8602,1570,10172,1565,11737,475,704,12441
34,1264,1271,2535,1322,3857,1402,5259,1727,5584,1241,6825,1594,8419,1606,10025,1666,11691,475,750,12441
32,1329,1394,2723,1462,4185,1491,5676,1803,5988,1136,7124,1427,8551,1500,10051,1687,11738,475,704,12442
35,1263,1270,2533,1275,3808,1332,5140,1616,5424,1056,6480,1495,7975,1768,9743,1837,11580,475,866,12446
30,1198,1308,2506,1409,3915,1528,5443,1846,5761,1226,6987,1521,8508,1713,10221,1558,11779,475,668,12447
36,1388,1358,2746,1385,4131,1414,5545,1728,5859,1146,7005,1527,8532,1595,10127,1617,11744,475,704,12448
35,1425,1347,2772,1363,4135,1400,5535,1706,5841,1116,6957,1529,8486,1558,10044,1696,11740,475,710,12450
40,1390,1392,2782,1435,4217,1469,5686,1788,6005,1165,7170,1517,8687,1552,10239,1542,11781,475,671,12452
31,1243,1273,2516,1284,3800,1314,5114,1604,5404,1230,6634,1660,8294,1703,9997,1729,11726,475,726,12452
40,1295,1304,2599,1323,3922,1401,5323,1705,5627,1126,6753,1514,8267,1660,9927,1805,11732,476,722,12454
31,1309,1375,2684,1387,4071,1409,5480,1709,5780,1378,7158,1636,8794,1666,10460,1431,11891,476,566,12457
37,1330,1349,2679,1337,4016,1355,5371,1649,5665,1077,6742,1477,8219,1597,9816,1783,11599,476,858,12457
32,1341,1388,2729,1381,4110,1385,5495,1690,5800,1090,6890,1455,8345,1553,9898,1852,11750,476,709,12459
36,1290,1287,2577,1315,3892,1439,5331,1756,5648,1162,6810,1602,8412,1645,10057,1674,11731,476,729,12460
37,1231,1282,2513,1346,3859,1405,5264,1713,5572,1163,6735,1576,8311,1559,9870,1764,11634,476,827,12461
39,1288,1329,2617,1371,3988,1417,5405,1716,5704,1131,6835,1523,8358,1644,10002,1697,11699,476,762,12461
40,1370,1379,2749,1383,4132,1384,5516,1684,5816,1097,6913,1465,8378,1589,9967,1671,11638,476,826,12464
37,1352,1324,2676,1354,4030,1415,5445,1723,5753,1149,6902,1534,8436,1619,10055,1702,11757,476,707,12464
35,1364,1384,2748,1471,4219,1446,5665,1758,5977,1141,7118,1508,8626,1561,10187,1567,11754,476,711,12465
37,1369,1337,2706,1350,4056,1373,5429,1677,5733,1095,6828,1477,8305,1569,9874,1862,11736,476,730,12466
36,1275,1261,2536,1268,3804,1319,5123,1612,5416,1066,6482,1483,7965,1647,9612,1938,11550,476,918,12468
35,1286,1286,2572,1305,3877,1447,5324,1757,5634,1155,6789,1564,8353,1693,10046,1664,11710,476,760,12470
36,1331,1329,2660,1326,3986,1338,5324,1626,5612,1269,6881,1642,8523,1643,10166,1604,11770,476,701,12471
38,1453,1473,2926,1492,4418,1487,5905,1812,6230,1157,7387,1495,8882,1486,10368,1481,11849,476,622,12471
39,1317,1293,2610,1329,3939,1352,5291,1640,5579,1102,6681,1700,8381,1592,9973,1742,11715,476,759,12474
30,1229,1214,2443,1333,3776,1386,5162,1670,5446,1198,6644,1578,8222,1774,9996,1779,11775,476,701,12476
38,1343,1370,2713,1436,4149,1546,5695,1863,6012,1157,7169,1524,8693,1567,10260,1564,11824,476,653,12477
32,1433,1404,2837,1439,4276,1472,5748,1790,6066,1156,7222,1533,8755,1529,10284,1528,11812,476,665,12477
34,1385,1446,2831,1463,4294,1476,5770,1788,6082,1158,7240,1507,8747,1554,10301,1533,11834,476,644,12478
40,1283,1267,2550,1249,3799,1268,5067,1544,5343,1016,6359,1382,7741,1622,9363,2214,11577,476,902,12479
31,1293,1276,2569,1264,3833,1305,5138,1607,5440,1093,6533,1653,8186,1879,10065,1681,11746,476,734,12480
38,1318,1337,2655,1380,4035,1421,5456,1732,5767,1149,6916,1571,8487,1654,10141,1628,11769,477,712,12481
40,1272,1299,2571,1389,3960,1532,5492,1837,5797,1169,6966,1495,8461,1608,10069,1679,11748,477,736,12484
30,1220,1232,2452,1304,3756,1418,5174,1722,5478,1165,6643,1581,8224,1661,9885,1873,11758,477,730,12488
40,1357,1395,2752,1368,4120,1389,5509,1686,5806,1078,6884,1465,8349,1586,9935,1758,11693,477,796,12489
30,1571,1367,2938,1338,4276,1391,5667,1690,5966,1137,7103,1503,8606,1557,10163,1617,11780,477,711,12491
38,1289,1261,2550,1280,3830,1333,5163,1627,5457,1083,6540,1429,7969,1640,9609,2150,11759,477,733,12492
37,1419,1359,2778,1358,4136,1385,5521,1678,5814,1101,6915,1553,8468,1610,10078,1793,11871,477,622,12493
40,1417,1416,2833,1442,4275,1461,5736,1778,6053,1139,7192,1500,8692,1549,10241,1555,11796,477,700,12496
36,1348,1365,2713,1359,4072,1380,5452,1680,5752,1087,6839,1488,8327,1592,9919,1796,11715,477,783,12498
35,1361,1344,2705,1446,4151,1537,5688,1849,6000,1185,7185,1516,8701,1520,10221,1591,11812,477,693,12505
35,1273,1330,2603,1417,4020,1388,5408,1685,5705,1233,6938,1589,8527,1697,10224,1587,11811,477,694,12505
40,1347,1366,2713,1402,4115,1464,5579,1883,5998,1148,7146,1527,8673,1557,10230,1592,11822,477,683,12505
30,1228,1243,2471,1319,3790,1448,5238,1756,5546,1158,6704,1620,8324,1758,10082,1717,11799,477,707,12506
39,1330,1378,2708,1469,4177,1517,5694,1830,6007,1190,7197,1541,8738,1587,10325,1539,11864,478,644,12508
39,1255,1270,2525,1282,3807,1282,5089,1557,5364,1021,6385,1352,7737,1501,9238,1870,11108,478,1403,12511
33,1383,1393,2776,1418,4194,1457,5651,1774,5968,1160,7128,1610,8738,1574,10312,1565,11877,478,635,12512
32,1277,1269,2546,1293,3839,1358,5197,1656,5495,1115,6610,1647,8257,1613,9870,1958,11828,478,684,12512
36,1372,1395,2767,1441,4208,1475,5683,1796,6004,1167,7171,1510,8681,1550,10231,1577,11808,478,705,12513
37,1368,1339,2707,1366,4073,1398,5471,1706,5779,1117,6896,1544,8440,1682,10122,1662,11784,478,730,12514
32,1234,1275,2509,1313,3822,1609,5431,1920,5742,1182,6924,1492,8416,1611,10027,1697,11724,478,790,12514
30,1328,1344,2672,1355,4027,1361,5388,1655,5682,1066,6748,1414,8162,1695,9857,1818,11675,478,839,12514
33,1761,1620,3381,1487,4868,1412,6280,1708,6576,1055,7631,1399,9030,1414,10444,1413,11857,478,658,12515
40,1400,1394,2794,1426,4220,1453,5673,1771,5991,1140,7131,1498,8629,1570,10199,1600,11799,478,719,12518
32,1292,1286,2578,1291,3869,1289,5158,1570,5439,1024,6463,1395,7858,1621,9479,2131,11610,478,908,12518
36,1303,1313,2616,1363,3979,1437,5416,1753,5732,1193,6925,1603,8528,1666,10194,1626,11820,478,699,12519
34,1280,1325,2605,1390,3995,1426,5421,1735,5730,1170,6900,1560,8460,1614,10074,1732,11806,478,713,12519
40,1315,1356,2671,1347,4018,1377,5395,1677,5695,1080,6775,1487,8262,1659,9921,1747,11668,478,853,12521
36,1381,1397,2778,1419,4197,1445,5642,1757,5954,1139,7093,1505,8598,1563,10161,1641,11802,478,719,12521
31,1377,1359,2736,1404,4140,1400,5540,1714,5854,1146,7000,1524,8524,1604,10128,1695,11823,478,700,12523
37,1591,1377,2968,1398,4366,1445,5811,1740,6106,1166,7272,1569,8841,1498,10339,1527,11866,478,657,12523
40,1380,1377,2757,1415,4172,1438,5610,1744,5916,1143,7059,1515,8574,1638,10212,1605,11817,478,707,12524
33,1203,1207,2410,1235,3645,1306,4951,1598,5243,1149,6392,1774,8166,1620,9786,1798,11584,478,941,12525
38,1257,1252,2509,1400,3909,1477,5386,1800,5709,1221,6930,1568,8498,1649,10147,1675,11822,478,705,12527
33,1287,1314,2601,1427,4028,1489,5517,1812,5840,1199,7039,1592,8631,1606,10237,1605,11842,478,690,12532
39,1403,1393,2796,1389,4185,1403,5588,1711,5896,1111,7007,1518,8525,1587,10112,1670,11782,479,752,12534
33,1391,1373,2764,1377,4141,1494,5635,1843,5984,1130,7114,1502,8616,1853,10469,1453,11922,479,613,12535
38,1285,1274,2559,1320,3879,1415,5294,1721,5600,1116,6716,1522,8238,1735,9973,1820,11793,479,742,12535
40,1349,1344,2693,1366,4059,1390,5449,1692,5751,1126,6877,1505,8382,1621,10003,1717,11720,479,816,12536
34,1286,1282,2568,1309,3877,1447,5324,1775,5652,1223,6875,1624,8499,1629,10128,1677,11805,479,732,12537
33,1295,1354,2649,1432,4081,1480,5561,1800,5881,1194,7075,1567,8642,1602,10244,1609,11853,479,685,12538
40,1313,1308,2621,1256,3877,1314,5191,1608,5485,1104,6589,1685,8274,1887,10161,1739,11900,479,640,12540
39,1385,1403,2788,1422,4210,1440,5650,1748,5958,1135,7093,1504,8597,1538,10135,1657,11792,479,749,12541
40,1274,1260,2534,1299,3833,1467,5300,1768,5601,1086,6687,1545,8232,1630,9862,1789,11651,479,891,12542
33,1319,1318,2637,1401,4038,1364,5402,1657,5695,1114,6809,1472,8281,1630,9911,1962,11873,479,670,12543
31,1210,1205,2415,1213,3628,1232,4860,1502,5130,1040,6170,1437,7607,1737,9344,2344,11688,479,855,12543
35,1460,1425,2885,1439,4324,1430,5754,1746,6070,1159,7229,1517,8746,1601,10347,1549,11896,479,649,12545
37,1339,1363,2702,1445,4147,1469,5616,1785,5932,1168,7100,1577,8677,1651,10328,1583,11911,479,634,12545
40,1207,1227,2434,1251,3685,1287,4972,1570,5255,1096,6351,1772,8123,1715,9838,1965,11803,479,743,12546
30,1546,1461,3007,1463,4470,1503,5973,1824,6294,1154,7448,1495,8943,1498,10441,1466,11907,479,640,12547
36,1261,1286,2547,1305,3852,1369,5221,1665,5517,1106,6623,1607,8230,1688,9918,1767,11685,479,862,12547
39,1416,1388,2804,1383,4187,1390,5577,1693,5880,1092,6972,1477,8449,1644,10093,1710,11803,479,744,12547
39,1253,1258,2511,1309,3820,1428,5248,1731,5551,1245,6796,1817,8613,1720,10333,1568,11901,479,647,12548
32,1326,1326,2652,1370,4022,1478,5500,1818,5840,1208,7048,1620,8668,1576,10244,1651,11895,479,655,12550
39,1346,1367,2713,1461,4174,1472,5646,1783,5957,1144,7101,1518,8619,1608,10227,1648,11875,479,677,12552
37,1386,1391,2777,1402,4179,1435,5614,1750,5929,1173,7102,1571,8673,1580,10253,1618,11871,479,681,12552
31,1234,1249,2483,1261,3744,1285,5029,1570,5314,1062,6376,1522,7898,1940,9838,1979,11817,479,736,12553
37,1426,1433,2859,1471,4330,1462,5792,1783,6113,1156,7269,1503,8772,1547,10319,1545,11864,479,689,12553
30,1166,1204,2370,1223,3593,1253,4846,1532,5125,1018,6143,1350,7493,1417,8910,2675,11585,479,973,12558
33,1314,1302,2616,1298,3914,1302,5216,1585,5499,1032,6531,1437,7968,1697,9665,1909,11574,480,985,12559
37,1473,1443,2916,1410,4326,1444,5770,1763,6089,1175,7264,1541,8805,1525,10330,1553,11883,480,679,12562
34,1313,1362,2675,1458,4133,1512,5645,1821,5954,1153,7107,1528,8635,1543,10178,1661,11839,480,723,12562
34,1377,1368,2745,1385,4130,1390,5520,1692,5822,1110,6932,1510,8442,1597,10039,1844,11883,480,680,12563
34,1255,1265,2520,1286,3806,1338,5144,1630,5436,1061,6497,1499,7996,1737,9733,1939,11672,480,896,12568
36,1401,1441,2842,1484,4326,1494,5820,1815,6141,1167,7308,1520,8828,1517,10345,1561,11906,480,664,12570
36,1289,1298,2587,1324,3911,1393,5304,1722,5633,1089,6722,1491,8213,1643,9856,1933,11789,480,781,12570
34,1329,1317,2646,1409,4055,1495,5550,1811,5866,1175,7041,1505,8546,1596,10142,1700,11842,480,733,12575
30,1107,1122,2229,1189,3418,1327,4745,1626,5044,1267,6311,1670,7981,1751,9732,1925,11657,480,925,12582
40,1470,1479,2949,1497,4446,1519,5965,1853,6299,1205,7504,1536,9040,1514,10554,1424,11978,480,606,12584
40,1458,1465,2923,1454,4377,1469,5846,1787,6164,1155,7319,1563,8882,1562,10444,1510,11954,480,631,12585
40,1428,1464,2892,1477,4369,1712,6081,2025,6394,1108,7502,1418,8920,1465,10385,1508,11893,481,693,12586
38,1296,1299,2595,1350,3945,1482,5427,1785,5730,1186,6916,1568,8484,1627,10111,1747,11858,481,728,12586
31,1172,1165,2337,1235,3572,1421,4993,1709,5281,1115,6396,1640,8036,1878,9914,1932,11846,481,740,12586
38,1432,1409,2841,1414,4255,1406,5661,1717,5972,1127,7099,1572,8671,1642,10313,1614,11927,481,664,12591
34,1294,1293,2587,1339,3926,1416,5342,1729,5655,1181,6836,1608,8444,1691,10135,1782,11917,481,675,12592
36,1298,1312,2610,1377,3987,1452,5439,1761,5748,1159,6907,1516,8423,1615,10038,1747,11785,481,807,12592
30,1258,1272,2530,1302,3832,1415,5247,1709,5541,1161,6702,1548,8250,1680,9930,1879,11809,481,783,12592
33,1269,1311,2580,1343,3923,1775,5698,2081,6004,1203,7207,1585,8792,1581,10373,1561,11934,481,666,12600
40,1278,1264,2542,1277,3819,1421,5240,1735,5554,1178,6732,1636,8368,1695,10063,1749,11812,481,788,12600
36,1370,1391,2761,1449,4210,1480,5690,1797,6007,1169,7176,1590,8766,1594,10360,1571,11931,481,672,12603
31,1367,1389,2756,1389,4145,1418,5563,1715,5860,1123,6983,1497,8480,1697,10177,1673,11850,481,753,12603
39,1308,1349,2657,1371,4028,1431,5459,1742,5770,1126,6896,1555,8451,1696,10147,1820,11967,481,642,12609
39,1333,1382,2715,Err:520,Err:520,Err:520,5601,Err:520,5913,1165,7078,1553,8631,1634,10265,1628,11893,481,717,12610
30,1263,1276,2539,1351,3890,1423,5313,1733,5623,1160,6783,1549,8332,1651,9983,1964,11947,482,669,12616
32,1329,1369,2698,1441,4139,1427,5566,1736,5875,1190,7065,1510,8575,1611,10186,1758,11944,482,674,12618
39,1265,1254,2519,1249,3768,1380,5148,1672,5440,1222,6662,1622,8284,1803,10087,1878,11965,482,657,12622
40,1357,1399,2756,1449,4205,1486,5691,1799,6004,1157,7161,1547,8708,1584,10292,1642,11934,482,689,12623
33,1303,1298,2601,1324,3925,1427,5352,1740,5665,1093,6758,1507,8265,1701,9966,1801,11767,482,857,12624
36,1286,1264,2550,1270,3820,1315,5135,1597,5417,1057,6474,1475,7949,1664,9613,2161,11774,482,850,12624
38,1257,1272,2529,1291,3820,1332,5152,1622,5442,1088,6530,1486,8016,1778,9794,1961,11755,482,870,12625
36,1304,1292,2596,1329,3925,1376,5301,1677,5602,1100,6702,1512,8214,1637,9851,1580,11431,482,1197,12628
34,1320,1303,2623,1316,3939,1434,5373,1746,5685,1239,6924,1470,8394,1621,10015,1852,11867,482,763,12630
40,1382,1390,2772,1400,4172,1415,5587,1717,5889,1136,7025,1573,8598,1613,10211,1714,11925,482,711,12636
39,1318,1315,2633,1412,4045,1407,5452,1709,5754,1180,6934,1606,8540,1732,10272,1585,11857,482,779,12636
34,1301,1298,2599,1329,3928,1410,5338,1710,5638,1233,6871,1547,8418,1610,10028,1883,11911,482,726,12637
34,1243,1258,2501,1260,3761,1305,5066,1586,5347,1146,6493,1889,8382,2013,10395,1587,11982,482,655,12637
38,1380,1405,2785,1448,4233,1499,5732,1823,6056,1220,7276,1553,8829,1582,10411,1548,11959,483,685,12644
35,1253,1260,2513,1309,3822,1386,5208,1689,5511,1099,6610,1586,8196,1714,9910,1939,11849,483,797,12646
37,1276,1268,2544,1280,3824,1371,5195,1663,5487,1103,6590,1584,8174,1720,9894,1847,11741,483,909,12650
36,1415,1431,2846,1438,4284,1445,5729,1759,6043,1168,7211,1544,8755,1606,10361,1640,12001,483,656,12657
37,1402,1425,2827,1421,4248,1474,5722,1800,6048,1152,7200,1537,8737,1582,10319,1617,11936,483,727,12663
37,1303,1300,2603,1294,3897,1341,5238,1639,5536,1129,6665,1658,8323,1930,10253,1669,11922,484,744,12666
38,1321,1336,2657,1396,4053,1455,5508,1767,5820,1169,6989,1565,8554,1630,10184,1775,11959,484,709,12668
34,1184,1258,2442,1260,3702,1271,4973,1550,5252,1019,6271,1474,7745,1907,9652,2296,11948,484,720,12668
38,1295,1290,2585,1370,3955,1469,5424,1788,5743,1225,6968,1619,8587,1581,10168,1723,11891,484,778,12669
35,1328,1308,2636,1348,3984,1357,5341,1653,5637,1095,6732,1610,8342,1763,10105,1831,11936,484,734,12670
39,1259,1296,2555,1341,3896,1429,5325,1757,5653,1101,6754,1530,8284,1749,10033,1847,11880,484,790,12670
40,1289,1379,2668,1474,4142,1496,5638,1814,5956,1178,7134,1573,8707,1637,10344,1634,11978,484,693,12671
30,1219,1219,2438,1254,3692,1296,4988,1585,5277,1053,6330,1492,7822,1938,9760,2118,11878,484,795,12673
33,1432,1395,2827,1387,4214,1416,5630,1726,5940,1136,7076,1502,8578,1543,10121,1795,11916,484,759,12675
37,1326,1309,2635,1370,4005,1477,5482,1795,5800,1170,6970,1591,8561,1656,10217,1788,12005,484,671,12676
37,1399,1400,2799,1423,4222,1425,5647,1739,5961,1132,7093,1542,8635,1635,10270,1670,11940,484,740,12680
35,1250,1298,2548,1312,3860,1386,5246,1691,5551,1150,6701,1565,8266,1678,9944,1766,11710,484,971,12681
39,1444,1374,2818,1370,4188,1383,5571,1685,5873,1139,7012,1613,8625,1689,10314,1650,11964,484,720,12684
40,1454,1477,2931,1472,4403,1475,5878,1798,6201,1159,7360,1522,8882,1538,10420,1540,11960,484,728,12688
40,1332,1337,2669,1344,4013,1349,5362,1639,5652,1064,6716,1443,8159,1700,9859,1951,11810,484,880,12690
37,1195,1195,2390,1250,3640,1337,4977,1635,5275,1064,6339,1390,7729,1902,9631,2179,11810,484,880,12690
32,1293,1299,2592,1328,3920,1389,5309,1696,5616,1179,6795,1631,8426,1713,10139,1822,11961,485,729,12690
36,1348,1377,2725,1383,4108,1422,5530,1734,5842,1156,6998,1637,8635,1675,10310,1664,11974,485,719,12693
37,1365,1398,2763,1451,4214,1483,5697,1800,6014,1179,7193,1586,8779,1684,10463,1620,12083,485,611,12694
36,1369,1403,2772,1422,4194,1479,5673,1795,5989,1221,7210,1598,8808,1722,10530,1530,12060,485,636,12696
38,1339,1338,2677,1353,4030,1377,5407,1679,5709,1116,6825,1531,8356,1723,10079,1841,11920,485,777,12697
36,1312,1415,2727,1416,4143,1437,5580,1749,5892,1184,7076,1595,8671,1656,10327,1686,12013,485,686,12699
40,1353,1367,2720,1407,4127,1419,5546,1730,5857,1151,7008,1579,8587,1646,10233,1722,11955,485,745,12700
30,1210,1232,2442,1278,3720,1373,5093,1731,5451,1206,6657,1889,8546,1671,10217,1723,11940,485,765,12705
33,1279,1278,2557,1291,3848,1395,5243,1695,5543,1362,6905,1641,8546,1775,10321,1721,12042,485,663,12705
33,1546,1422,2968,1407,4375,1472,5847,1787,6162,1145,7307,1514,8821,1570,10391,1604,11995,485,711,12706
37,1264,1253,2517,1303,3820,2159,5979,2467,6287,1076,7363,1420,8783,1467,10250,1766,12016,485,691,12707
40,1266,1278,2544,1312,3856,1368,5224,1672,5528,1150,6678,1733,8411,1834,10245,1685,11930,485,777,12707
40,1272,1311,2583,1404,3987,1520,5507,1841,5828,1224,7052,1647,8699,1708,10407,1635,12042,485,666,12708
32,1437,1448,2885,1455,4340,1462,5802,1774,6114,1123,7237,1500,8737,1599,10336,1652,11988,485,722,12710
32,1379,1389,2768,1409,4177,1405,5582,1709,5886,1095,6981,1440,8421,1582,10003,1852,11855,485,855,12710
36,1281,1291,2572,1295,3867,1310,5177,1588,5455,1020,6475,1431,7906,1969,9875,1978,11853,485,857,12710
40,1346,1383,2729,1361,4090,1367,5457,1666,5756,1091,6847,1410,8257,1910,10167,1763,11930,485,782,12712
40,1328,1324,2652,1323,3975,1353,5328,1649,5624,1090,6714,1510,8224,1706,9930,1923,11853,485,859,12712
39,1354,1274,2628,1296,3924,1336,5260,1620,5544,1052,6596,1516,8112,1802,9914,1991,11905,485,807,12712
32,1411,1366,2777,1385,4162,1423,5585,1732,5894,1134,7028,1524,8552,1594,10146,1774,11920,485,793,12713
32,1411,1366,2777,1385,4162,1424,5586,1733,5895,1133,7028,1524,8552,1593,10145,1775,11920,485,794,12714
37,1321,1350,2671,1393,4064,1435,5499,1747,5811,1157,6968,1576,8544,1687,10231,1730,11961,485,753,12714
40,1284,1267,2551,1289,3840,1321,5161,1605,5445,1082,6527,1401,7928,1510,9438,2007,11445,485,1269,12714
31,1246,1251,2497,1246,3743,1252,4995,1521,5264,994,6258,1345,7603,1371,8974,2568,11542,485,1173,12715
31,1297,1324,2621,1373,3994,1429,5423,1750,5744,1245,6989,1595,8584,1688,10272,1660,11932,486,787,12719
38,1326,1307,2633,1380,4013,1422,5435,1724,5737,1231,6968,1639,8607,1739,10346,1718,12064,486,657,12721
37,1278,1294,2572,1317,3889,1332,5221,1622,5511,1156,6667,1497,8164,1824,9988,1873,11861,486,863,12724
35,1278,1283,2561,1292,3853,1375,5228,1679,5532,1160,6692,1617,8309,1783,10092,1860,11952,486,773,12725
37,1414,1409,2823,1434,4257,1458,5715,1771,6028,1145,7173,1479,8652,1534,10186,1766,11952,486,774,12726
39,1288,1284,2572,1470,4042,1511,5553,1830,5872,1188,7060,1563,8623,1741,10364,1638,12002,486,726,12728
39,1426,1425,2851,1429,4280,1432,5712,1744,6024,1135,7159,1492,8651,1597,10248,1745,11993,486,737,12730
33,1205,1187,2392,1206,3598,1529,5127,1816,5414,1160,6574,1668,8242,2034,10276,1787,12063,486,667,12730
36,1420,1456,2876,1449,4325,1502,5827,1890,6215,1134,7349,1541,8890,1573,10463,1564,12027,486,704,12731
31,1304,1369,2673,1400,4073,1458,5531,1780,5853,1163,7016,1594,8610,1692,10302,1714,12016,486,715,12731
37,1273,1265,2538,1296,3834,1420,5254,1716,5550,1190,6740,1558,8298,1832,10130,1834,11964,486,768,12732
31,1285,1283,2568,1286,3854,1289,5143,1573,5427,1030,6457,1550,8007,1800,9807,1972,11779,486,954,12733
30,1278,1291,2569,1284,3853,1333,5186,1622,5475,1149,6624,1618,8242,1797,10039,1838,11877,486,856,12733
40,1337,1355,2692,1435,4127,1520,5647,1847,5974,1219,7193,1545,8738,1625,10363,1642,12005,486,729,12734
39,1327,1334,2661,1333,3994,1343,5337,1658,5652,1103,6755,1461,8216,1670,9886,1994,11880,486,855,12735
32,1533,1473,3006,1555,4561,1569,6130,1890,6451,1160,7611,1508,9119,1493,10612,1470,12082,486,654,12736
31,1301,1316,2617,1343,3960,1405,5365,1711,5671,1138,6809,1577,8386,1727,10113,1840,11953,486,786,12739
36,1425,1487,2912,1536,4448,1529,5977,1846,6294,1187,7481,1533,9014,1540,10554,1522,12076,486,663,12739
37,1294,1300,2594,1320,3914,1414,5328,1723,5637,1154,6791,1649,8440,1761,10201,1778,11979,486,762,12741
38,1262,1277,2539,1373,3912,1487,5399,1807,5719,1205,6924,1518,8442,1590,10032,1946,11978,487,765,12743
36,1413,1447,2860,1476,4336,1480,5816,1797,6133,1205,7338,1584,8922,1613,10535,1576,12111,487,632,12743
36,1335,1324,2659,1369,4028,1440,5468,1752,5780,1232,7012,1590,8602,1713,10315,1782,12097,487,647,12744
37,1260,1250,2510,1254,3764,1261,5025,1540,5304,998,6302,1322,7624,2263,9887,2122,12009,487,738,12747
34,1218,1222,2440,1275,3715,1405,5120,1726,5441,1306,6747,1672,8419,1771,10190,1842,12032,487,717,12749
40,1394,1404,2798,1428,4226,1465,5691,1786,6012,1163,7175,1530,8705,1595,10300,1710,12010,487,739,12749
39,1446,1438,2884,1536,4420,1514,5934,1907,6327,1121,7448,1571,9019,1531,10550,1502,12052,487,699,12751
30,1404,1249,2653,1298,3951,1374,5325,1679,5630,1165,6795,1619,8414,1713,10127,1883,12010,487,741,12751
33,1612,1442,3054,1433,4487,1508,5995,1824,6311,1170,7481,1534,9015,1573,10588,1503,12091,487,670,12761
35,1361,1353,2714,1367,4081,1429,5510,1744,5825,1185,7010,1545,8555,1627,10182,1832,12014,487,751,12765
40,1295,1282,2577,1285,3862,1283,5145,1557,5419,1006,6425,1365,7790,2176,9966,2031,11997,487,769,12766
37,1234,1242,2476,1285,3761,1387,5148,1692,5453,1154,6607,1625,8232,1764,9996,2006,12002,487,765,12767
33,1253,1248,2501,1300,3801,1367,5168,1675,5476,1139,6615,1582,8197,1752,9949,2146,12095,487,672,12767
38,1307,1351,2658,1389,4047,1447,5494,1765,5812,1192,7004,1635,8639,1669,10308,1714,12022,488,749,12771
37,1373,1403,2776,1397,4173,1509,5682,1812,5985,1176,7161,1569,8730,1664,10394,1696,12090,488,682,12772
36,1271,1271,2542,1302,3844,1429,5273,1739,5583,1177,6760,1527,8287,1660,9947,2138,12085,488,687,12772
37,1297,1333,2630,1436,4066,1447,5513,1752,5818,1209,7027,1516,8543,1807,10350,1734,12084,488,689,12773
33,1332,1328,2660,1475,4135,1650,5785,1985,6120,1171,7291,1514,8805,1586,10391,1647,12038,488,735,12773
38,1234,1230,2464,1311,3775,1384,5159,1698,5473,1182,6655,1667,8322,1776,10098,1927,12025,488,753,12778
33,1233,1221,2454,1223,3677,1240,4917,1512,5189,975,6164,1278,7442,2316,9758,2272,12030,488,749,12779
39,1263,1255,2518,1262,3780,1307,5087,1592,5372,1093,6465,1697,8162,1790,9952,1996,11948,488,833,12781
38,1343,1340,2683,1344,4027,1379,5406,1675,5702,1086,6788,1429,8217,1969,10186,1844,12030,488,751,12781
31,1354,1349,2703,1395,4098,1470,5568,1788,5886,1194,7080,1568,8648,1678,10326,1696,12022,488,759,12781
39,1276,1274,2550,1304,3854,1399,5253,1704,5558,1271,6829,1766,8595,1668,10263,1642,11905,488,878,12783
30,1286,1320,2606,1336,3942,1405,5347,1703,5645,1143,6788,1561,8349,1696,10045,1986,12031,488,753,12784
31,1304,1334,2638,1337,3975,1345,5320,1639,5614,1071,6685,1579,8264,1762,10026,1945,11971,488,813,12784
30,1352,1392,2744,1408,4152,1434,5586,1751,5903,1127,7030,1504,8534,1561,10095,1871,11966,488,819,12785
35,1312,1317,2629,1315,3944,1325,5269,1619,5563,1074,6637,1545,8182,1813,9995,1987,11982,488,806,12788
39,1304,1289,2593,1296,3889,1319,5208,1607,5496,1101,6597,1662,8259,1830,10089,1935,12024,488,769,12793
39,1287,1309,2596,1350,3946,1399,5345,1699,5645,1129,6774,1603,8377,1749,10126,1861,11987,488,806,12793
37,1288,1366,2654,1436,4090,1458,5548,1764,5854,1205,7059,1578,8637,1709,10346,1736,12082,488,711,12793
37,1262,1296,2558,1430,3988,1444,5432,1763,5751,1200,6951,1468,8419,1690,10109,1932,12041,488,752,12793
40,1363,1369,2732,1404,4136,1454,5590,1774,5910,1192,7102,1549,8651,1622,10273,1698,11971,488,823,12794
38,1333,1357,2690,1381,4071,1425,5496,1742,5813,1156,6969,1676,8645,1734,10379,1721,12100,489,697,12797
37,1317,1384,2701,1396,4097,1470,5567,1811,5908,1221,7129,1597,8726,1694,10420,1644,12064,489,735,12799
40,1388,1383,2771,1361,4132,1462,5594,1765,5897,1245,7142,1533,8675,1518,10193,1721,11914,489,886,12800
34,1554,1490,3044,1512,4556,1504,6060,1827,6383,1178,7561,1527,9088,1528,10616,1518,12134,489,667,12801
36,1408,1399,2807,1433,4240,1458,5698,1775,6015,1163,7178,1560,8738,1654,10392,1665,12057,489,745,12802
40,1318,1345,2663,1401,4064,1449,5513,1766,5830,1167,6997,1556,8553,1658,10211,1737,11948,489,855,12803
36,1407,1400,2807,1397,4204,1404,5608,1737,5941,1135,7076,1526,8602,1641,10243,1785,12028,489,778,12806
36,1326,1347,2673,1382,4055,1386,5441,1689,5744,1110,6854,1585,8439,1679,10118,1784,11902,489,906,12808
37,1245,1288,2533,1295,3828,1549,5377,1851,5679,1381,7060,1618,8678,1589,10267,1791,12058,489,752,12810
36,1278,1301,2579,1335,3914,1418,5332,1732,5646,1173,6819,1654,8473,1780,10253,1761,12014,489,796,12810
32,1255,1283,2538,1315,3853,1381,5234,1684,5537,1103,6640,1487,8127,1755,9882,1931,11813,489,999,12812
38,1444,1402,2846,1452,4298,1509,5807,1842,6140,1170,7310,1585,8895,1621,10516,1589,12105,489,713,12818
31,1253,1259,2512,1266,3778,1292,5070,1572,5350,2271,7621,1458,9079,1470,10549,1592,12141,489,679,12820
36,1274,1290,2564,1292,3856,1323,5179,1612,5468,1086,6554,1499,8053,2041,10094,1897,11991,490,832,12823
37,1262,1308,2570,1335,3905,1375,5280,1677,5582,1259,6841,1581,8422,1721,10143,1830,11973,490,851,12824
35,1351,1343,2694,1362,4056,1382,5438,1682,5738,1093,6831,1452,8283,1645,9928,2090,12018,490,807,12825
38,1604,1415,3019,1360,4379,1405,5784,1717,6096,1144,7240,1581,8821,1631,10452,1659,12111,490,716,12827
40,1611,1323,2934,1324,4258,1356,5614,1658,5916,1098,7014,1513,8527,1625,10152,1835,11987,490,841,12828
34,1261,1263,2524,1264,3788,1285,5073,1568,5356,1110,6466,1695,8161,1815,9976,1960,11936,490,894,12830
31,1414,1413,2827,1404,4231,1444,5675,1763,5994,1185,7179,1592,8771,1647,10418,1695,12113,490,718,12831
36,1274,1288,2562,1321,3883,1423,5306,1743,5626,1313,6939,1773,8712,1730,10442,1730,12172,490,661,12833
36,1363,1384,2747,1431,4178,1418,5596,1722,5900,1142,7042,1538,8580,1678,10258,1803,12061,490,775,12836
35,1277,1282,2559,1348,3907,1489,5396,1810,5717,1267,6984,1587,8571,1760,10331,1710,12041,490,795,12836
35,1426,1396,2822,1370,4192,1429,5621,1741,5933,1153,7086,1550,8636,1677,10313,1743,12056,490,780,12836
38,1095,1110,2205,1123,3328,1282,4610,1591,4919,1158,6077,1524,7601,1927,9528,2204,11732,490,1105,12837
31,1575,1488,3063,1476,4539,1488,6027,1800,6339,1121,7460,1530,8990,1616,10606,1612,12218,490,621,12839
35,1329,1322,2651,1327,3978,1341,5319,1634,5612,1064,6676,1705,8381,1747,10128,1819,11947,490,893,12840
38,1231,1244,2475,1287,3762,1349,5111,1650,5412,1113,6525,1598,8123,2031,10154,1939,12093,490,747,12840
39,1342,1383,2725,1417,4142,1514,5656,1842,5984,1196,7180,1619,8799,1679,10478,1669,12147,490,693,12840
37,1275,1278,2553,1362,3915,1573,5488,1868,5783,1371,7154,1666,8820,1740,10560,1671,12231,490,613,12844
40,1315,1342,2657,1419,4076,1503,5579,1819,5895,1223,7118,1564,8682,1678,10360,1784,12144,490,701,12845
36,1317,1330,2647,1375,4022,1507,5529,1818,5840,1159,6999,1536,8535,1759,10294,1784,12078,491,770,12848
40,1382,1363,2745,1433,4178,1412,5590,1715,5893,1139,7032,1563,8595,1590,10185,1803,11988,491,861,12849
33,1275,1274,2549,1291,3840,1390,5230,1709,5549,1195,6744,1602,8346,1873,10219,1840,12059,491,792,12851
40,1326,1315,2641,1336,3977,1408,5385,1709,5686,1129,6815,1564,8379,1740,10119,1923,12042,491,814,12856
40,1376,1382,2758,1375,4133,1389,5522,1693,5826,1092,6918,1461,8379,1560,9939,1689,11628,491,1229,12857
37,1325,1359,2684,1434,4118,1463,5581,1779,5897,1152,7049,1582,8631,1685,10316,1777,12093,491,765,12858
40,1327,1330,2657,1357,4014,1451,5465,1760,5774,1185,6959,1612,8571,1731,10302,1763,12065,491,793,12858
33,1404,1450,2854,1454,4308,1472,5780,1795,6103,1161,7264,1573,8837,1658,10495,1650,12145,491,715,12860
40,1350,1344,2694,1391,4085,1464,5549,1784,5869,1197,7066,1598,8664,1811,10475,1687,12162,491,698,12860
40,1329,1330,2659,1358,4017,1450,5467,1758,5775,1186,6961,1611,8572,1731,10303,1762,12065,491,795,12860
38,1359,1389,2748,1413,4161,1466,5627,1778,5939,1159,7098,1593,8691,1806,10497,1647,12144,491,717,12861
39,1405,1422,2827,1470,4297,1499,5796,1817,6114,1225,7339,1581,8920,1608,10528,1595,12123,491,740,12863
30,1288,1311,2599,1627,4226,1472,5698,1784,6010,1127,7137,1480,8617,1599,10216,1725,11941,491,922,12863
33,1491,1395,2886,1389,4275,1424,5699,1736,6011,1134,7145,1531,8676,1760,10436,1765,12201,491,669,12870
30,1228,1235,2463,1289,3752,1393,5145,1717,5469,1217,6686,1689,8375,1757,10132,1886,12018,491,853,12871
36,1309,1325,2634,1335,3969,1377,5346,1674,5643,1075,6718,1672,8390,1734,10124,1960,12084,491,788,12872
39,1369,1460,2829,1481,4310,1471,5781,1795,6105,1161,7266,1578,8844,1641,10485,1661,12146,491,726,12872
35,1292,1296,2588,1320,3908,1385,5293,1719,5627,1159,6786,1615,8401,1789,10190,1881,12071,491,802,12873
31,1333,1297,2630,1328,3958,1367,5325,1659,5617,1192,6809,1545,8354,1705,10059,2000,12059,492,816,12875
40,1475,1422,2897,1412,4309,1456,5765,1768,6077,1182,7259,1596,8855,1711,10566,1633,12199,492,677,12876
40,1344,1349,2693,1367,4060,1401,5461,1708,5768,1177,6945,1693,8638,1727,10365,1802,12167,492,710,12877
36,1463,1558,3021,1513,4534,1582,6116,1898,6432,1245,7677,1523,9200,1553,10753,1522,12275,492,605,12880
37,1240,1236,2476,1274,3750,1324,5074,1623,5373,1144,6517,1638,8155,1941,10096,1970,12066,492,814,12880
38,1385,1372,2757,1375,4132,1424,5556,1734,5866,1243,7109,1604,8713,1644,10357,1731,12088,492,795,12883
39,1365,1426,2791,1469,4260,1479,5739,1798,6058,1163,7221,1517,8738,1590,10328,1697,12025,492,860,12885
40,1392,1385,2777,1433,4210,1468,5678,1762,5972,1165,7137,1595,8732,1686,10418,1661,12079,492,807,12886
35,1256,1267,2523,1236,3759,1263,5022,1535,5294,982,6276,1540,7816,1729,9545,2227,11772,492,1114,12886
35,1287,1297,2584,1311,3895,1440,5335,1760,5655,1190,6845,1602,8447,1711,10158,1898,12056,492,833,12889
35,1415,1409,2824,1410,4234,1423,5657,1735,5969,1116,7085,1497,8582,1649,10231,1914,12145,492,745,12890
30,1289,1352,2641,1389,4030,1431,5461,1737,5767,1160,6927,1556,8483,1641,10124,2012,12136,492,761,12897
39,1571,1345,2916,1334,4250,1361,5611,1660,5910,1084,6994,1499,8493,1644,10137,1966,12103,492,796,12899
37,1296,1304,2600,1334,3934,1424,5358,1729,5663,1185,6848,1627,8475,1772,10247,1857,12104,492,795,12899
40,1388,1379,2767,1403,4170,1464,5634,1771,5941,1154,7095,1583,8678,1703,10381,1772,12153,493,747,12900
34,1339,1360,2699,1373,4072,1397,5469,1705,5777,1097,6874,1488,8362,1710,10072,2032,12104,493,796,12900
31,1259,1280,2539,1335,3874,1457,5331,1771,5645,1208,6853,1670,8523,1751,10274,1827,12101,493,800,12901
31,1651,1524,3175,1467,4642,1475,6117,1799,6441,1182,7623,1563,9186,1569,10755,1507,12262,493,640,12902
36,1325,1376,2701,1415,4116,1494,5610,1816,5932,1289,7221,1584,8805,1621,10426,1748,12174,493,731,12905
38,1300,1337,2637,1385,4022,1426,5448,1735,5757,1122,6879,1529,8408,1720,10128,1879,12007,493,901,12908
40,1413,1406,2819,1483,4302,1550,5852,1887,6189,1237,7426,1623,9049,1628,10677,1577,12254,493,655,12909
35,1296,1353,2649,1399,4048,1404,5452,1716,5764,1188,6952,1591,8543,1817,10360,1809,12169,493,745,12914
39,1386,1463,2849,1490,4339,1523,5862,1846,6185,1218,7403,1556,8959,1609,10568,1631,12199,493,717,12916
34,1613,1581,3194,1591,4785,1503,6288,1819,6604,1155,7759,1517,9276,1492,10768,1473,12241,493,681,12922
40,1276,1285,2561,1284,3845,1384,5229,1720,5565,1252,6817,1719,8536,1756,10292,1806,12098,493,825,12923
35,1242,1250,2492,1316,3808,1500,5308,1825,5633,1303,6936,1733,8669,1731,10400,1762,12162,493,763,12925
39,1637,1511,3148,1444,4592,1457,6049,1780,6372,1189,7561,1551,9112,1559,10671,1572,12243,494,683,12926
38,1535,1528,3063,1505,4568,1497,6065,1816,6384,1177,7561,1540,9101,1542,10643,1551,12194,494,734,12928
34,1201,1242,2443,1256,3699,1322,5021,1626,5325,1248,6573,1761,8334,1882,10216,1903,12119,494,809,12928
30,1352,1357,2709,1415,4124,1461,5585,1779,5903,1186,7089,1593,8682,1729,10411,1850,12261,494,670,12931
40,1266,1297,2563,1324,3887,1370,5257,1667,5554,1189,6743,1733,8476,1777,10253,1846,12099,494,833,12932
34,1442,1438,2880,1451,4331,1481,5812,1791,6122,1142,7264,1529,8793,1689,10482,1677,12159,494,778,12937
39,1318,1355,2673,1363,4036,1401,5437,1707,5743,1157,6900,1628,8528,1759,10287,1852,12139,494,801,12940
40,1381,1391,2772,1390,4162,1382,5544,1684,5846,1117,6963,1539,8502,1713,10215,1879,12094,494,846,12940
35,1515,1422,2937,1416,4353,1498,5851,1818,6171,1187,7358,1645,9003,1720,10723,1608,12331,494,614,12945
40,1473,1419,2892,1407,4299,1419,5718,1725,6024,1121,7145,1523,8668,1769,10437,1732,12169,494,777,12946
35,1287,1283,2570,1383,3953,1335,5288,1625,5578,1172,6750,1757,8507,1855,10362,1763,12125,494,821,12946
37,1483,1488,2971,1513,4484,1513,5997,1836,6320,1191,7511,1594,9105,1616,10721,1533,12254,494,696,12950
35,1266,1353,2619,1587,4206,1540,5746,1837,6043,1215,7258,1758,9016,1635,10651,1625,12276,495,679,12955
35,1477,1445,2922,1445,4367,1465,5832,1784,6151,1133,7284,1560,8844,1601,10445,1766,12211,495,744,12955
40,1421,1450,2871,1477,4348,1504,5852,1829,6177,1184,7361,1563,8924,1632,10556,1667,12223,495,734,12957
36,1251,1268,2519,1324,3843,1435,5278,1747,5590,1231,6821,1661,8482,1695,10177,1945,12122,495,837,12959
38,1281,1264,2545,1280,3825,1487,5312,1817,5642,1258,6900,1666,8566,1836,10402,1789,12191,495,769,12960
36,1440,1458,2898,1490,4388,1494,5882,1819,6207,1177,7384,1557,8941,1597,10538,1671,12209,495,757,12966
35,1394,1367,2761,1374,4135,1428,5563,1741,5876,1193,7069,1594,8663,1738,10401,1784,12185,495,783,12968
40,1302,1292,2594,1332,3926,1399,5325,1704,5630,1162,6792,1581,8373,1807,10180,2025,12205,495,765,12970
40,1355,1367,2722,1390,4112,1422,5534,1749,5861,1114,6975,1544,8519,1800,10319,1813,12132,495,838,12970
38,1343,1338,2681,1343,4024,1354,5378,1650,5674,1069,6743,1545,8288,1967,10255,2031,12286,495,684,12970
37,1267,1287,2554,1278,3832,1297,5129,1587,5419,1128,6547,1616,8163,1845,10008,2055,12063,495,909,12972
36,1285,1293,2578,1282,3860,1366,5226,1670,5530,1321,6851,1692,8543,1764,10307,1887,12194,495,784,12978
37,1289,1338,2627,1348,3975,1453,5428,1782,5757,1227,6984,1634,8618,1711,10329,1819,12148,495,830,12978
38,1469,1490,2959,1419,4378,1403,5781,1711,6089,1117,7206,1491,8697,1589,10286,1879,12165,496,819,12984
40,1265,1289,2554,1298,3852,1450,5302,1760,5612,1299,6911,1753,8664,1807,10471,1738,12209,496,777,12986
39,1272,1312,2584,1327,3911,1410,5321,1723,5634,1163,6797,1684,8481,1912,10393,1825,12218,496,772,12990
36,1261,1300,2561,1381,3942,1468,5410,1788,5730,1205,6935,1630,8565,1836,10401,1777,12178,496,816,12994
35,1339,1361,2700,1383,4083,1450,5533,1773,5856,1185,7041,1574,8615,1616,10231,2000,12231,496,763,12994
36,1306,1453,2759,1554,4313,1524,5837,1841,6154,1264,7418,1625,9043,1612,10655,1645,12300,496,695,12995
36,1247,1256,2503,1306,3809,1376,5185,1674,5483,1166,6649,1572,8221,1857,10078,2013,12091,496,905,12996
33,1251,1285,2536,1425,3961,1580,5541,1885,5846,1244,7090,1653,8743,1730,10473,1788,12261,496,735,12996
40,1273,Err:520,Err:520,Err:520,3860,1481,5341,1780,5640,1178,6818,1661,8479,1751,10230,1879,12109,496,887,12996
37,1263,1312,2575,1393,3968,1466,5434,1779,5747,1154,6901,1764,8665,1736,10401,1830,12231,496,766,12997
39,1346,1419,2765,1501,4266,1624,5890,1936,6202,1275,7477,1617,9094,1655,10749,1588,12337,496,666,13003
34,1396,1461,2857,1501,4358,1530,5888,1860,6218,1227,7445,1593,9038,1646,10684,1647,12331,497,674,13005
30,1441,1448,2889,1447,4336,1486,5822,1802,6138,1144,7282,1600,8882,1690,10572,1708,12280,497,727,13007
40,1331,1357,2688,1384,4072,1443,5515,1759,5831,1188,7019,1607,8626,1748,10374,1803,12177,497,831,13008
40,1336,1339,2675,1390,4065,1468,5533,1784,5849,1229,7078,1658,8736,1752,10488,1733,12221,497,788,13009
40,1416,1450,2866,1472,4338,1469,5807,1774,6112,1147,7259,1496,8755,1544,10299,1884,12183,497,827,13010
40,1315,1294,2609,1374,3983,1461,5444,1787,5770,1240,7010,1615,8625,1693,10318,1919,12237,497,774,13011
37,1312,1233,2545,1285,3830,1346,5176,1645,5475,1094,6569,1528,8097,1804,9901,2300,12201,497,814,13015
39,1432,1466,2898,1463,4361,1495,5856,1811,6172,1201,7373,1561,8934,1593,10527,1698,12225,497,791,13016
40,1356,1367,2723,1377,4100,1439,5539,1742,5842,1119,6961,1526,8487,1694,10181,1939,12120,497,898,13018
39,1420,1351,2771,1346,4117,1410,5527,1713,5830,1133,6963,1630,8593,1757,10350,1820,12170,497,849,13019
36,1340,1336,2676,1355,4031,1411,5442,1722,5753,1181,6934,1585,8519,1788,10307,1879,12186,497,833,13019
36,1303,1307,2610,1305,3915,1321,5236,1613,5528,1052,6580,1487,8067,2060,10127,2011,12138,497,883,13021
40,1441,1478,2919,1465,4384,1462,5846,1781,6165,1292,7457,1567,9024,1634,10658,1626,12284,497,740,13024
40,1361,1393,2754,1426,4180,1472,5652,1792,5972,1173,7145,1603,8748,1759,10507,1747,12254,497,772,13026
39,1290,1320,2610,1360,3970,1401,5371,1711,5681,1152,6833,1592,8425,1882,10307,1909,12216,498,817,13033
37,1357,1370,2727,1426,4153,1412,5565,1719,5872,1131,7003,1474,8477,1795,10272,2033,12305,498,733,13038
38,1465,1345,2810,1366,4176,1395,5571,1701,5877,1219,7096,1587,8683,1804,10487,1798,12285,498,753,13038
30,1291,1293,2584,1393,3977,1414,5391,1719,5696,1126,6822,1508,8330,1665,9995,2135,12130,498,911,13041
39,1409,1458,2867,1494,4361,1498,5859,1823,6184,1196,7380,1571,8951,1612,10563,1762,12325,498,718,13043
40,1388,1467,2855,1482,4337,1498,5835,1824,6161,1194,7355,1728,9083,1602,10685,1648,12333,498,713,13046
35,1482,1436,2918,1445,4363,1476,5839,1795,6158,1177,7335,1555,8890,1677,10567,1743,12310,498,738,13048
40,1326,1342,2668,1354,4022,1367,5389,1663,5685,1133,6818,1856,8674,1764,10438,1815,12253,498,799,13052
31,1258,1204,2462,1205,3667,1295,4962,1569,5236,1045,6281,1463,7744,1663,9407,2869,12276,498,777,13053
30,1261,1268,2529,1293,3822,1449,5271,1797,5619,1241,6860,1694,8554,1861,10415,1919,12334,498,721,13055
32,1272,1276,2548,1300,3848,1371,5219,1681,5529,1321,6850,1728,8578,1781,10359,1916,12275,499,788,13063
30,1370,1350,2720,1362,4082,1439,5521,1756,5838,1162,7000,1695,8695,1782,10477,1794,12271,499,792,13063
30,1338,1421,2759,1454,4213,1485,5698,1804,6017,1172,7189,1519,8708,1626,10334,1942,12276,499,787,13063
39,1449,1400,2849,1405,4254,1435,5689,1750,6004,1158,7162,1583,8745,1722,10467,1784,12251,499,816,13067
36,1279,1289,2568,1445,4013,1614,5627,1924,5937,1222,7159,1559,8718,1798,10516,1839,12355,499,712,13067
40,1325,1338,2663,1407,4070,1517,5587,1844,5914,1203,7117,1635,8752,1730,10482,1794,12276,499,793,13069
37,1365,1374,2739,1447,4186,1487,5673,1815,6001,1194,7195,1568,8763,1720,10483,1783,12266,499,804,13070
39,1629,1483,3112,1483,4595,1484,6079,1804,6399,1170,7569,1549,9118,1645,10763,1615,12378,499,695,13073
36,1405,1392,2797,1387,4184,1407,5591,1720,5904,1165,7069,1597,8666,1807,10473,1790,12263,499,812,13075
31,1405,1392,2797,1387,4184,1407,5591,1720,5904,1165,7069,1597,8666,1808,10474,1788,12262,499,813,13075
30,1347,1376,2723,1377,4100,1397,5497,1696,5796,1101,6897,1483,8380,1717,10097,2019,12116,499,959,13075
30,1230,1250,2480,1271,3751,1385,5136,1697,5448,1203,6651,1705,8356,1881,10237,1940,12177,499,900,13077
33,1280,1285,2565,1300,3865,1343,5208,1633,5498,1083,6581,1459,8040,1736,9776,2471,12247,499,830,13077
30,1329,1335,2664,1322,3986,1328,5314,1621,5607,1080,6687,1788,8475,2253,10728,1652,12380,499,698,13078
37,1293,1393,2686,1479,4165,1528,5693,1863,6028,1224,7252,1640,8892,1763,10655,1724,12379,499,702,13081
40,1386,1366,2752,1376,4128,1418,5546,1724,5852,1244,7096,1767,8863,1771,10634,1771,12405,499,676,13081
38,1539,1493,3032,1504,4536,1542,6078,1878,6414,1200,7614,1585,9199,1612,10811,1604,12415,499,667,13082
40,1310,1312,2622,1322,3944,1389,5333,1684,5628,1322,6950,1721,8671,1755,10426,1873,12299,500,785,13084
40,1321,1361,2682,1496,4178,1550,5728,1873,6051,1257,7308,1644,8952,1696,10648,1722,12370,500,717,13087
36,1505,1375,2880,1408,4288,1463,5751,1780,6068,1215,7283,1672,8955,1667,10622,1711,12333,500,755,13088
39,1330,1304,2634,1382,4016,1472,5488,1791,5807,1256,7063,1645,8708,1772,10480,1886,12366,500,725,13091
37,1315,1318,2633,1435,4068,1495,5563,1901,5969,1312,7281,1616,8897,1739,10636,1745,12381,500,710,13091
33,1174,1283,2457,1366,3823,1476,5299,1797,5620,1235,6855,1625,8480,1804,10284,2099,12383,500,714,13097
32,1363,1444,2807,1473,4280,1490,5770,1810,6090,1194,7284,1606,8890,1674,10564,1701,12265,500,833,13098
33,1237,1283,2520,1335,3855,1363,5218,1661,5516,1119,6635,1625,8260,1688,9948,1970,11918,500,1180,13098
40,1411,1407,2818,1460,4278,1521,5799,1846,6124,1233,7357,1592,8949,1704,10653,1718,12371,500,730,13101
40,1266,1273,2539,1296,3835,1364,5199,1671,5506,1201,6707,1671,8378,1761,10139,2128,12267,500,837,13104
35,1294,1366,2660,1418,4078,1432,5510,1744,5822,1148,6970,1824,8794,1911,10705,1867,12572,500,533,13105
38,1347,1333,2680,1357,4037,1429,5466,1758,5795,1246,7041,1696,8737,1767,10504,1829,12333,501,777,13110
31,1426,1456,2882,1482,4364,1507,5871,1846,6210,1197,7407,1590,8997,1643,10640,1724,12364,501,747,13111
40,1406,1411,2817,1437,4254,1456,5710,1779,6033,1174,7207,1631,8838,1759,10597,1756,12353,501,762,13115
38,1353,1358,2711,1386,4097,1423,5520,1734,5831,1211,7042,1576,8618,1937,10555,1752,12307,501,809,13116
37,1254,1245,2499,1257,3756,1410,5166,1726,5482,1276,6758,1889,8647,1615,10262,2134,12396,501,720,13116
34,1266,1323,2589,1402,3991,1460,5451,1782,5773,1209,6982,1687,8669,1829,10498,1808,12306,501,816,13122
39,1489,1564,3053,1567,4620,1546,6166,1869,6489,1130,7619,1562,9181,1587,10768,1646,12414,501,709,13123
36,1262,1276,2538,1369,3907,1468,5375,1782,5689,1182,6871,1692,8563,1881,10444,1901,12345,501,778,13123
40,1349,1372,2721,1371,4092,1414,5506,1728,5820,1161,6981,1622,8603,1764,10367,1907,12274,501,850,13124
31,1389,1420,2809,1493,4302,1517,5819,1837,6139,1433,7572,1859,9431,1567,10998,1456,12454,501,671,13125
40,1666,1461,3127,1464,4591,1463,6054,1777,6368,1188,7556,1609,9165,1646,10811,1619,12430,501,696,13126
40,1451,1479,2930,1467,4397,1486,5883,1805,6202,1196,7398,1621,9019,1699,10718,1691,12409,501,724,13133
36,1294,1317,2611,1355,3966,1404,5370,1714,5680,1113,6793,1548,8341,1847,10188,2019,12207,501,927,13134
39,1301,1295,2596,1318,3914,1362,5276,1660,5574,1161,6735,1716,8451,2072,10523,1877,12400,501,734,13134
37,1522,1445,2967,1460,4427,1451,5878,1752,6179,1207,7386,1538,8924,1626,10550,1869,12419,502,717,13136
35,1393,1375,2768,1398,4166,1433,5599,1743,5909,1160,7069,1516,8585,1650,10235,2033,12268,502,871,13139
39,1303,1331,2634,1319,3953,1346,5299,1651,5604,1073,6677,1625,8302,1985,10287,2090,12377,502,762,13139
40,1373,1433,2806,1452,4258,1525,5783,1842,6100,1320,7420,1604,9024,1772,10796,1633,12429,502,714,13143
35,1143,1150,2293,1174,3467,1264,4731,1555,5022,1164,6186,1681,7867,2008,9875,2230,12105,502,1039,13144
40,1389,1440,2829,1487,4316,1520,5836,1839,6155,1213,7368,1651,9019,1675,10694,1711,12405,502,740,13145
30,1703,1522,3225,1519,4744,1510,6254,1837,6581,1175,7756,1542,9298,1536,10834,1588,12422,502,727,13149
35,1358,1377,2735,1404,4139,1483,5622,1812,5951,1228,7179,1618,8797,1707,10504,1847,12351,502,799,13150
36,1249,1232,2481,1275,3756,1326,5082,1630,5386,1215,6601,1694,8295,2016,10311,2003,12314,502,839,13153
39,1208,1274,2482,1656,4138,1648,5786,1974,6112,1298,7410,1605,9015,1651,10666,1743,12409,502,745,13154
37,1262,1323,2585,1417,4002,1520,5522,1859,5861,1262,7123,1663,8786,1688,10474,1944,12418,502,736,13154
40,1272,1281,2553,1303,3856,1341,5197,1631,5487,1107,6594,1555,8149,1988,10137,2059,12196,502,959,13155
39,1459,1453,2912,1471,4383,1488,5871,1820,6203,1188,7391,1678,9069,1782,10851,1636,12487,502,672,13159
34,1326,1344,2670,1364,4034,1421,5455,1738,5772,1250,7022,1692,8714,1800,10514,1805,12319,502,841,13160
30,1277,1285,2562,1380,3942,1661,5603,1986,5928,1411,7339,1740,9079,1705,10784,1673,12457,503,709,13166
30,1226,1222,2448,1314,3762,1461,5223,1799,5561,1337,6898,1684,8582,1965,10547,1795,12342,503,827,13169
32,1261,1321,2582,1464,4046,1554,5600,1862,5908,1198,7106,1627,8733,1780,10513,1903,12416,503,755,13171
32,1535,1366,2901,1510,4411,1427,5838,1734,6145,1306,7451,1642,9093,1644,10737,1706,12443,503,734,13177
35,1378,1377,2755,1439,4194,1487,5681,1810,6004,1197,7201,1604,8805,1681,10486,1884,12370,503,813,13183
33,1278,1291,2569,1301,3870,1428,5298,1745,5615,1291,6906,1562,8468,1903,10371,1880,12251,503,936,13187
35,1193,1200,2393,1298,3691,1325,5016,1620,5311,1091,6402,1574,7976,1808,9784,2334,12118,504,1080,13198
38,1541,1525,3066,1491,4557,1503,6060,1836,6393,1198,7591,1569,9160,1614,10774,1671,12445,504,753,13198
35,1360,1364,2724,1383,4107,1401,5508,1705,5812,1107,6919,1578,8497,2050,10547,1877,12424,504,778,13202
37,1401,1357,2758,1387,4145,1473,5618,1788,5933,1243,7176,1554,8730,1760,10490,1982,12472,504,731,13203
37,1305,1345,2650,1382,4032,1437,5469,1749,5781,1225,7006,1729,8735,1799,10534,1877,12411,504,803,13214
31,1508,1463,2971,1496,4467,1554,6021,1890,6357,1233,7590,1649,9239,1669,10908,1632,12540,505,675,13215
34,1548,1464,3012,1466,4478,1478,5956,1813,6291,1205,7496,1626,9122,1659,10781,1737,12518,505,698,13216
34,1311,1331,2642,1452,4094,1511,5605,1838,5932,1186,7118,1680,8798,1837,10635,1759,12394,505,823,13217
39,1286,1269,2555,1284,3839,1367,5206,1664,5503,1176,6679,1574,8253,1810,10063,2385,12448,505,771,13219
37,1340,1348,2688,1339,4027,1369,5396,1669,5696,1099,6795,1574,8369,1701,10070,1980,12050,505,1174,13224
38,1277,1274,2551,1286,3837,1481,5318,1789,5626,1231,6857,1579,8436,1695,10131,2026,12157,505,1068,13225
31,1557,1418,2975,1411,4386,1444,5830,1764,6150,1231,7381,1624,9005,1736,10741,1744,12485,505,741,13226
35,1292,1288,2580,1298,3878,1323,5201,1615,5493,1271,6764,2048,8812,1871,10683,1832,12515,505,713,13228
39,1303,1298,2601,1621,4222,1444,5666,1758,5980,1228,7208,1556,8764,1637,10401,1982,12383,505,845,13228
32,1089,1105,2194,1121,3315,1141,4456,1394,4709,922,5631,1384,7015,3806,10821,1730,12551,505,686,13237
40,1542,1468,3010,1485,4495,1525,6020,1865,6360,1251,7611,1649,9260,1666,10926,1620,12546,505,693,13239
33,1711,1567,3278,1602,4880,1522,6402,1844,6724,1156,7880,1570,9450,1564,11014,1554,12568,506,675,13243
36,1318,1407,2725,1426,4151,1492,5643,1815,5966,1239,7205,1675,8880,1808,10688,1805,12493,506,753,13246
36,1363,1366,2729,1375,4104,1416,5520,1726,5830,1143,6973,1539,8512,1684,10196,2045,12241,506,1007,13248
31,1442,1469,2911,1457,4368,1453,5821,1764,6132,1138,7270,1478,8748,1731,10479,1898,12377,506,875,13252
40,1247,1247,2494,1273,3767,1282,5049,1562,5329,1064,6393,1767,8160,2381,10541,1823,12364,506,889,13253
36,1420,1410,2830,1404,4234,1435,5669,1739,5973,1149,7122,1485,8607,1600,10207,2009,12216,506,1038,13254
36,1244,1256,2500,1259,3759,1283,5042,1562,5321,1021,6342,2326,8668,1731,10399,2025,12424,506,837,13261
32,1253,1252,2505,1273,3778,1316,5094,1616,5394,1191,6585,1984,8569,2010,10579,1780,12359,506,904,13263
40,1389,1349,2738,1360,4098,1448,5546,1758,5856,1173,7029,1665,8694,1634,10328,1970,12298,506,966,13264
35,1259,1263,2522,1278,3800,1711,5511,2011,5811,1232,7043,1578,8621,1809,10430,2022,12452,507,820,13272
37,1603,1528,3131,1490,4621,1530,6151,1854,6475,1262,7737,1664,9401,1674,11075,1557,12632,507,641,13273
38,1318,1411,2729,1437,4166,1571,5737,1882,6048,1234,7282,1751,9033,1722,10755,1766,12521,507,754,13275
35,1274,1282,2556,1328,3884,1514,5398,1824,5708,1269,6977,1645,8622,1841,10463,1912,12375,507,903,13278
35,1344,1347,2691,1452,4143,1547,5690,1884,6027,1225,7252,1545,8797,1767,10564,1834,12398,507,880,13278
31,1317,1311,2628,1327,3955,1460,5415,1782,5737,1236,6973,1612,8585,1680,10265,2131,12396,507,882,13278
40,1405,1392,2797,1398,4195,1446,5641,1758,5953,1302,7255,1813,9068,1869,10937,1598,12535,507,746,13281
34,1332,1328,2660,1375,4035,1432,5467,1742,5777,1132,6909,1556,8465,1935,10400,1986,12386,507,898,13284
37,1336,1345,2681,1348,4029,1353,5382,1647,5676,1058,6734,1451,8185,1834,10019,2327,12346,507,943,13289
39,1368,1364,2732,1384,4116,1418,5534,1727,5843,1192,7035,1812,8847,1868,10715,1756,12471,507,822,13293
34,1282,1292,2574,1296,3870,1376,5246,1676,5546,1169,6715,1665,8380,1965,10345,2093,12438,508,856,13294
40,1326,1423,2749,1468,4217,1507,5724,1834,6051,1236,7287,1679,8966,1830,10796,1783,12579,508,718,13297
39,1706,1420,3126,1393,4519,1461,5980,1766,6285,1186,7471,1776,9247,1772,11019,1573,12592,508,705,13297
38,1513,1532,3045,1513,4558,1514,6072,1844,6402,1188,7590,1530,9120,1645,10765,1727,12492,508,806,13298
40,1377,1380,2757,1359,4116,1360,5476,1659,5775,1088,6863,1535,8398,2206,10604,1957,12561,508,737,13298
37,1322,1324,2646,1421,4067,1489,5556,1817,5884,1261,7145,1690,8835,1829,10664,1914,12578,508,725,13303
31,1325,1304,2629,1359,3988,1474,5462,1798,5786,1257,7043,1737,8780,1874,10654,1795,12449,508,855,13304
40,1602,1548,3150,1518,4668,1564,6232,1903,6571,1212,7783,1596,9379,1609,10988,1626,12614,508,690,13304
39,1302,1325,2627,1343,3970,1390,5360,1697,5667,1219,6886,1665,8551,1876,10427,1971,12398,508,909,13307
40,1300,1386,2686,1456,4142,1592,5734,1932,6074,1284,7358,1666,9024,1750,10774,1827,12601,508,716,13317
35,1601,1509,3110,1528,4638,1545,6183,1884,6522,1224,7746,1609,9355,1672,11027,1622,12649,508,668,13317
33,1643,1421,3064,1413,4477,1522,5999,1857,6334,1218,7552,1655,9207,1728,10935,1671,12606,509,716,13322
30,1596,1547,3143,1569,4712,1606,6318,1957,6669,1251,7920,1633,9553,1574,11127,1552,12679,509,644,13323
35,1603,1560,3163,1530,4693,1501,6194,1821,6514,1178,7692,1528,9220,1633,10853,1681,12534,509,791,13325
38,1602,1581,3183,1562,4745,1597,6342,1944,6689,1279,7968,1631,9599,1555,11154,1517,12671,509,654,13325
39,1320,1343,2663,1395,4058,1513,5571,1821,5879,1164,7043,1774,8817,1868,10685,1864,12549,509,776,13325
38,1321,1328,2649,1372,4021,1414,5435,1726,5747,1177,6924,1616,8540,1813,10353,2102,12455,509,871,13326
35,1426,1484,2910,1469,4379,1470,5849,1782,6161,1214,7375,1707,9082,1741,10823,1811,12634,509,697,13331
40,1446,1479,2925,1520,4445,1549,5994,1889,6334,1213,7547,1596,9143,1738,10881,1724,12605,509,728,13333
35,1281,1309,2590,1434,4024,1579,5603,1918,5942,1291,7233,1538,8771,1766,10537,1952,12489,509,844,13333
33,1370,1422,2792,1482,4274,1547,5821,1881,6155,1234,7389,1614,9003,1908,10911,1783,12694,509,640,13334
32,1811,1593,3404,1544,4948,1519,6467,1847,6795,1192,7987,1553,9540,1592,11132,1550,12682,509,653,13335
31,1273,1261,2534,1365,3899,1548,5447,1867,5766,1319,7085,1680,8765,1862,10627,1935,12562,509,777,13339
40,1467,1472,2939,1506,4445,1545,5990,1875,6320,1263,7583,1592,9175,1672,10847,1731,12578,509,762,13340
35,1368,1329,2697,1308,4005,1355,5360,1648,5653,1329,6982,1573,8555,1932,10487,2063,12550,509,792,13342
36,1333,1325,2658,1346,4004,1466,5470,1774,5778,1179,6957,1601,8558,1884,10442,2040,12482,509,862,13344
37,1291,1317,2608,1392,4000,1564,5564,1897,5897,1323,7220,1786,9006,1811,10817,1800,12617,510,734,13351
34,1635,1593,3228,1686,4914,1574,6488,1907,6821,1249,8070,1584,9654,1650,11304,1488,12792,510,565,13357
39,1313,1307,2620,1308,3928,1331,5259,1620,5548,1068,6616,1531,8147,2242,10389,2098,12487,510,870,13357
32,1359,1373,2732,1359,4091,1381,5472,1684,5775,1097,6872,1683,8555,1856,10411,2073,12484,510,873,13357
33,1311,1319,2630,1324,3954,1388,5342,1688,5642,1074,6716,1515,8231,1677,9908,2431,12339,510,1019,13358
35,1330,1345,2675,1421,4096,1436,5532,1751,5847,1140,6987,1643,8630,1835,10465,1936,12401,510,960,13361
39,1380,1306,2686,1350,4036,1482,5518,1797,5833,1244,7077,1565,8642,1840,10482,2024,12506,510,857,13363
33,1208,1195,2403,1230,3633,1345,4978,1630,5263,1280,6543,1914,8457,2247,10704,1821,12525,510,838,13363
35,1244,1222,2466,1242,3708,1299,5007,1594,5302,1125,6427,1863,8290,2148,10438,2051,12489,510,877,13366
37,1310,1320,2630,1324,3954,1370,5324,1677,5631,1142,6773,1652,8425,1958,10383,2138,12521,510,849,13370
36,1367,1378,2745,1411,4156,1463,5619,1784,5940,1186,7126,1655,8781,1862,10643,1838,12481,511,897,13378
37,1414,1394,2808,1404,4212,1468,5680,1791,6003,1227,7230,1680,8910,1823,10733,1862,12595,511,784,13379
37,1257,1250,2507,1269,3776,1406,5182,1732,5508,1212,6720,1684,8404,1808,10212,2182,12394,511,988,13382
34,1310,1317,2627,1393,4020,1552,5572,1901,5921,1496,7417,1940,9357,1755,11112,1634,12746,511,637,13383
40,1330,1371,2701,1476,4177,1483,5660,1807,5984,1293,7277,1742,9019,1795,10814,1794,12608,511,776,13384
40,1404,1501,2905,1624,4529,1584,6113,1950,6479,1214,7693,1602,9295,1644,10939,1661,12600,511,784,13384
34,1336,1375,2711,1437,4148,1467,5615,1788,5936,1217,7153,1665,8818,1831,10649,1896,12545,511,841,13386
30,1294,1307,2601,1371,3972,1491,5463,1835,5807,1207,7014,1609,8623,1816,10439,2189,12628,511,758,13386
30,1363,1398,2761,1435,4196,1511,5707,1832,6028,1186,7214,1608,8822,1843,10665,1844,12509,511,880,13389
38,1713,1551,3264,1490,4754,1509,6263,1837,6591,1187,7778,1573,9351,1659,11010,1649,12659,511,731,13390
40,1526,1496,3022,1467,4489,1481,5970,1799,6288,1194,7482,1682,9164,1824,10988,1690,12678,511,712,13390
40,1329,1325,2654,1344,3998,1448,5446,1745,5743,1202,6945,1772,8717,1942,10659,1964,12623,511,769,13392
33,1351,1397,2748,1446,4194,1523,5717,1848,6042,1196,7238,1533,8771,1833,10604,1983,12587,511,809,13396
30,1297,1318,2615,1319,3934,1327,5261,1607,5541,1055,6596,1442,8038,1786,9824,2715,12539,512,859,13398
35,1272,1313,2585,1310,3895,1313,5208,1598,5493,1123,6616,1466,8082,2107,10189,2274,12463,512,936,13399
30,1383,1426,2809,1502,4311,1476,5787,1802,6113,1193,7306,1686,8992,1727,10719,1912,12631,512,770,13401
35,1293,1265,2558,1404,3962,1555,5517,1880,5842,1201,7043,1734,8777,1902,10679,1996,12675,512,726,13401
36,1278,1285,2563,1319,3882,1366,5248,1673,5555,1153,6708,1572,8280,1784,10064,2658,12722,512,679,13401
40,1353,1345,2698,1360,4058,1388,5446,1691,5749,1098,6847,1461,8308,1512,9820,2442,12262,512,1143,13405
38,1224,1225,2449,1250,3699,1298,4997,1586,5285,1090,6375,1647,8022,2193,10215,2304,12519,512,886,13405
39,1253,1256,2509,1272,3781,1288,5069,1565,5346,1065,6411,1491,7902,1789,9691,2335,12026,512,1381,13407
36,1589,1608,3197,1593,4790,1631,6421,1981,6771,1309,8080,1709,9789,1548,11337,1472,12809,512,598,13407
40,1335,1306,2641,1364,4005,1439,5444,1765,5770,1240,7010,1823,8833,2006,10839,1816,12655,512,754,13409
37,1401,1368,2769,1437,4206,1447,5653,1761,5967,1216,7183,1814,8997,1744,10741,1851,12592,512,818,13410
31,1337,1391,2728,1426,4154,1475,5629,1797,5951,1213,7164,1707,8871,1790,10661,1833,12494,512,916,13410
32,1524,1577,3101,1564,4665,1579,6244,1914,6579,1216,7795,1641,9436,1622,11058,1666,12724,513,705,13429
40,1282,1268,2550,1279,3829,1295,5124,1586,5415,1843,7258,1789,9047,1799,10846,1848,12694,513,737,13431
34,1312,1307,2619,1373,3992,1523,5515,1858,5850,1372,7222,1785,9007,1902,10909,1822,12731,513,701,13432
32,1556,1502,3058,1517,4575,1552,6127,1896,6471,1276,7747,1680,9427,1664,11091,1656,12747,513,689,13436
30,1306,1317,2623,1425,4048,1614,5662,1935,5983,1318,7301,1803,9104,1796,10900,1817,12717,513,720,13437
40,1600,1499,3099,1515,4614,1524,6138,1854,6468,1220,7688,1682,9370,1744,11114,1658,12772,513,668,13440
31,1448,1386,2834,1422,4256,1469,5725,1783,6039,1190,7229,1616,8845,1830,10675,1962,12637,513,805,13442
35,1562,1382,2944,1369,4313,1457,5770,1784,6097,1240,7337,1890,9227,1768,10995,1766,12761,514,690,13451
35,1377,1396,2773,1413,4186,1504,5690,1829,6015,1295,7310,1666,8976,1800,10776,1853,12629,514,826,13455
38,1624,1570,3194,1560,4754,1546,6300,1879,6633,1223,7856,1616,9472,1639,11111,1632,12743,514,713,13456
33,1391,1426,2817,1475,4292,1497,5789,1838,6130,1232,7362,1653,9015,1756,10771,1919,12690,514,767,13457
39,1718,1655,3373,1598,4971,1558,6529,1889,6860,1193,8053,1547,9600,1563,11163,1569,12732,514,730,13462
35,1533,1473,3006,1484,4490,1513,6003,1832,6322,1213,7535,1627,9162,1700,10862,1783,12645,514,818,13463
37,1376,1411,2787,1440,4227,1472,5699,1804,6031,1197,7228,1591,8819,1712,10531,2101,12632,514,831,13463
35,1404,1277,2681,1352,4033,1432,5465,1792,5825,1272,7097,1697,8794,1816,10610,2041,12651,514,814,13465
37,1444,1487,2931,1502,4433,1517,5950,1844,6277,1232,7509,1754,9263,1738,11001,1715,12716,514,752,13468
40,1424,1384,2808,1396,4204,1459,5663,1775,5979,1187,7166,1713,8879,1852,10731,1978,12709,514,765,13474
31,1248,1273,2521,1341,3862,1515,5377,1839,5701,1304,7005,2007,9012,1848,10860,1786,12646,514,829,13475
32,1257,1293,2550,1367,3917,1506,5423,1850,5767,1263,7030,1772,8802,1941,10743,1964,12707,514,769,13476
38,1384,1404,2788,1492,4280,1559,5839,1896,6176,1302,7478,1649,9127,1815,10942,1797,12739,515,740,13479
40,1209,1228,2437,1288,3725,1338,5063,1630,5355,1105,6460,1684,8144,2074,10218,2378,12596,515,886,13482
40,1510,1488,2998,1592,4590,1528,6118,1858,6448,1321,7769,1588,9357,1749,11106,1660,12766,515,716,13482
32,1428,1388,2816,1412,4228,1488,5716,1817,6045,1242,7287,1685,8972,1809,10781,1916,12697,515,789,13486
32,1260,1360,2620,1528,4148,1552,5700,1875,6023,1274,7297,1733,9030,1825,10855,1799,12654,515,832,13486
36,1366,1383,2749,1401,4150,1481,5631,1792,5942,1225,7167,1643,8810,1839,10649,2042,12691,515,796,13487
37,1340,1392,2732,1440,4172,1520,5692,1857,6029,1245,7274,1729,9003,1805,10808,1863,12671,515,817,13488
35,1319,1329,2648,1366,4014,1492,5506,1805,5819,1217,7036,1782,8818,1938,10756,1994,12750,515,740,13490
31,1403,1352,2755,1381,4136,1479,5615,1804,5940,1211,7151,1697,8848,1775,10623,2031,12654,515,837,13491
39,1480,1452,2932,1490,4422,1541,5963,1894,6316,1369,7685,1745,9430,Err:520,Err:520,Err:520,12739,515,752,13491
37,1357,1378,2735,1388,4123,1446,5569,1758,5881,1202,7083,1705,8788,1846,10634,1912,12546,515,946,13492
38,1308,1256,2564,1265,3829,1278,5107,1552,5381,1003,6384,1531,7915,2259,10174,2491,12665,515,828,13493
36,1393,1412,2805,1492,4297,1539,5836,1863,6160,1272,7432,1606,9038,1776,10814,1867,12681,515,813,13494
35,1326,1361,2687,1460,4147,1512,5659,1844,5991,1270,7261,1629,8890,1610,10500,2029,12529,515,969,13498
30,1381,1378,2759,1387,4146,1477,5623,1792,5938,1171,7109,1533,8642,1791,10433,2292,12725,515,776,13501
32,1373,1391,2764,1460,4224,1588,5812,1914,6138,1380,7518,1634,9152,1744,10896,1794,12690,516,814,13504
37,1346,1298,2644,1367,4011,1510,5521,1849,5860,1320,7180,1754,8934,1807,10741,1966,12707,516,797,13504
36,1365,1372,2737,1413,4150,1528,5678,1854,6004,1421,7425,1693,9118,1869,10987,1746,12733,516,772,13505
31,1264,1302,2566,1302,3868,1354,5222,1654,5522,1177,6699,1932,8631,2019,10650,1970,12620,516,888,13508
33,1287,1295,2582,1320,3902,1376,5278,1672,5574,1295,6869,1785,8654,2015,10669,2108,12777,516,733,13510
39,1536,1497,3033,1500,4533,1540,6073,1872,6405,1274,7679,1712,9391,1716,11107,1721,12828,516,683,13511
37,1371,1358,2729,1371,4100,1432,5532,1758,5858,1234,7092,1702,8794,2019,10813,1802,12615,516,898,13513
39,1336,1330,2666,1510,4176,1471,5647,1818,5994,1266,7260,1699,8959,1786,10745,1976,12721,516,793,13514
37,1242,1332,2574,1384,3958,1491,5449,1824,5782,1285,7067,1827,8894,1965,10859,1878,12737,516,779,13516
37,1533,1431,2964,1405,4369,1477,5846,1802,6171,1196,7367,1617,8984,1762,10746,1913,12659,516,858,13517
40,1331,1345,2676,1354,4030,1390,5420,1715,5745,Err:520,Err:520,Err:520,Err:520,Err:520,Err:520,Err:520,12566,516,952,13518
34,1315,1315,2630,1317,3947,1335,5282,1624,5571,1028,6599,1374,7973,1603,9576,3186,12762,516,756,13518
35,1432,1428,2860,1472,4332,1500,5832,1818,6150,1209,7359,1618,8977,1781,10758,1862,12620,516,900,13520
33,1250,1290,2540,1388,3928,1488,5416,1815,5743,1238,6981,1733,8714,1882,10596,2035,12631,516,890,13521
39,1264,1264,2528,1293,3821,1373,5194,1712,5533,1353,6886,1719,8605,1812,10417,2162,12579,516,947,13526
39,1400,1414,2814,1453,4267,1537,5804,1866,6133,1210,7343,1761,9104,1751,10855,1844,12699,516,827,13526
35,1357,1361,2718,1408,4126,1563,5689,1920,6046,1332,7378,1694,9072,1694,10766,1951,12717,516,810,13527
36,1289,1286,2575,1317,3892,1390,5282,1701,5593,1178,6771,1725,8496,2087,10583,2106,12689,516,838,13527
30,1444,1471,2915,1481,4396,1559,5955,1893,6289,1269,7558,1722,9280,1775,11055,1742,12797,517,732,13529
39,1351,1398,2749,1566,4315,1586,5901,1924,6239,1330,7569,1660,9229,1750,10979,1773,12752,517,777,13529
34,1347,1354,2701,1395,4096,1464,5560,1780,5876,1196,7072,1629,8701,1881,10582,2085,12667,517,866,13533
37,1230,1236,2466,1246,3712,1293,5005,1585,5297,1332,6629,1775,8404,2261,10665,2139,12804,517,730,13534
39,1280,1270,2550,1327,3877,1439,5316,1747,5624,1220,6844,1764,8608,1842,10450,2232,12682,517,854,13536
30,1369,1344,2713,1376,4089,1461,5550,1781,5870,1349,7219,1709,8928,1970,10898,1745,12643,517,893,13536
40,1527,1501,3028,1519,4547,1564,6111,1904,6451,1235,7686,1639,9325,1727,11052,1716,12768,517,770,13538
35,1276,1307,2583,1381,3964,1501,5465,1823,5787,1205,6992,1715,8707,1858,10565,2150,12715,517,823,13538
37,1365,1392,2757,1367,4124,1400,5524,1710,5834,1131,6965,1696,8661,1935,10596,2081,12677,517,866,13543
32,1419,1467,2886,1534,4420,1575,5995,1907,6327,1239,7566,1622,9188,1808,10996,1743,12739,517,813,13552
35,1298,1310,2608,1616,4224,1523,5747,1839,6063,1208,7271,1645,8916,1740,10656,2001,12657,518,901,13558
33,1368,1370,2738,1406,4144,1491,5635,1816,5960,1224,7184,1694,8878,1830,10708,1982,12690,518,869,13559
36,1508,1495,3003,1504,4507,1560,6067,1894,6401,1241,7642,1678,9320,1765,11085,1734,12819,518,741,13560
32,1301,1329,2630,1421,4051,1591,5642,1940,5991,1334,7325,1723,9048,1851,10899,1856,12755,518,810,13565
34,1728,1457,3185,1457,4642,1442,6084,1755,6397,1142,7539,1601,9140,1850,10990,1817,12807,518,767,13574
33,1538,1576,3114,1535,4649,1546,6195,1881,6530,1209,7739,1704,9443,1713,11156,1653,12809,518,768,13577
31,1268,1271,2539,1312,3851,1492,5343,1807,5658,1600,7258,1637,8895,2007,10902,1893,12795,518,785,13580
32,1403,1307,2710,1371,4081,1476,5557,1809,5890,1479,7369,1869,9238,1854,11092,1781,12873,519,715,13588
33,1377,1370,2747,1365,4112,1386,5498,1690,5802,1096,6898,1415,8313,1449,9762,2635,12397,519,1198,13595
34,1590,1521,3111,1495,4606,1480,6086,1800,6406,1198,7604,1575,9179,1680,10859,1915,12774,519,821,13595
37,1306,1330,2636,1357,3993,1525,5518,1835,5828,1120,6948,1628,8576,1885,10461,1977,12438,519,1160,13598
40,1397,1477,2874,1639,4513,1520,6033,1856,6369,1279,7648,1532,9180,1678,10858,1972,12830,519,768,13598
32,1261,1244,2505,1302,3807,1478,5285,1770,5577,1193,6770,1648,8418,2321,10739,2004,12743,519,858,13601
40,1459,1446,2905,1434,4339,1902,6241,2215,6554,1249,7803,1706,9509,1703,11212,1702,12914,519,687,13601
30,1443,1330,2773,1344,4117,1417,5534,1726,5843,1201,7044,1661,8705,2036,10741,2010,12751,519,850,13601
39,1548,1528,3076,1538,4614,1568,6182,1897,6511,1235,7746,1687,9433,1774,11207,1659,12866,519,739,13605
33,1252,1246,2498,1271,3769,1380,5149,1688,5457,1151,6608,1529,8137,1889,10026,2755,12781,519,825,13606
36,1768,1522,3290,1454,4744,1467,6211,1786,6530,1182,7712,1600,9312,1680,10992,1822,12814,520,794,13608
33,1358,1511,2869,1561,4430,1554,5984,1880,6310,1319,7629,1715,9344,1799,11143,1724,12867,520,744,13611
40,1433,1471,2904,1462,4366,1499,5865,1823,6189,1205,7394,1645,9039,1742,10781,1909,12690,520,921,13611
40,1551,1419,2970,1425,4395,1468,5863,1776,6171,1141,7312,1571,8883,1943,10826,1864,12690,520,922,13612
40,1501,1442,2943,1458,4401,1526,5927,1869,6270,1250,7520,1683,9203,1771,10974,1912,12886,520,728,13614
40,1336,1342,2678,1373,4051,1402,5453,1709,5760,1131,6891,1441,8332,1798,10130,2648,12778,520,837,13615
36,1303,1300,2603,1321,3924,1434,5358,1746,5670,1204,6874,1732,8606,1922,10528,2137,12665,520,957,13622
35,1516,1466,2982,1463,4445,1507,5952,1829,6274,1197,7471,1659,9130,1843,10973,1842,12815,520,808,13623
38,1451,1492,2943,1538,4481,1510,5991,1837,6318,1165,7483,1565,9048,1798,10846,1936,12782,520,849,13631
40,1360,1365,2725,1388,4113,1539,5652,1848,5961,1159,7120,1647,8767,1891,10658,2234,12892,521,743,13635
35,1278,1402,2680,1460,4140,1532,5672,1858,5998,1244,7242,1764,9006,1905,10911,1911,12822,521,818,13640
35,1309,1290,2599,1308,3907,1455,5362,1753,5660,1362,7022,1799,8821,1914,10735,1994,12729,521,913,13642
38,1329,1525,2854,1386,4240,1533,5773,1849,6089,1248,7337,1689,9026,1932,10958,1873,12831,521,814,13645
37,1427,1413,2840,1404,4244,1444,5688,1764,6008,1306,7314,1770,9084,1860,10944,1813,12757,521,888,13645
40,1459,1497,2956,1499,4455,1512,5967,1842,6297,1184,7481,1621,9102,1762,10864,1950,12814,521,832,13646
38,1375,1379,2754,1422,4176,1500,5676,1841,6017,1221,7238,1706,8944,1880,10824,2017,12841,521,813,13654
37,1306,1319,2625,1400,4025,1545,5570,1855,5880,1209,7089,1682,8771,1878,10649,2096,12745,521,910,13655
39,1763,1540,3303,1490,4793,1536,6329,1860,6653,1252,7905,1681,9586,1645,11231,1680,12911,521,746,13657
32,1250,1283,2533,1296,3829,1293,5122,1576,5405,1052,6457,1522,7979,2623,10602,2230,12832,521,825,13657
39,1157,1256,2413,1580,3993,1605,5598,1944,5937,1687,7624,1569,9193,2065,11258,1739,12997,521,663,13660
33,1377,1404,2781,1400,4181,1415,5596,1726,5907,1146,7053,1587,8640,1825,10465,2235,12700,522,964,13664
32,1356,1426,2782,1494,4276,1539,5815,1870,6146,1230,7376,1637,9013,1891,10904,1942,12846,522,818,13664
40,1754,1643,3397,1629,5026,1621,6647,1953,6979,1272,8251,1657,9908,1547,11455,1591,13046,522,622,13668
40,1584,1316,2900,1407,4307,1488,5795,1815,6122,1246,7368,1687,9055,1843,10898,1926,12824,522,845,13669
34,1295,1287,2582,1324,3906,1491,5397,1794,5700,1284,6984,1803,8787,2029,10816,2117,12933,522,736,13669
34,1279,1294,2573,1553,4126,1656,5782,1979,6105,1284,7389,1719,9108,1888,10996,1911,12907,522,764,13671
40,1475,1500,2975,1497,4472,1508,5980,1850,6322,1189,7511,1546,9057,1641,10698,2020,12718,522,959,13677
36,1474,1443,2917,1649,4566,1785,6351,2139,6705,1341,8046,1785,9831,1592,11423,1643,13066,522,612,13678
34,1248,1239,2487,1304,3791,1435,5226,1752,5543,1208,6751,1762,8513,2039,10552,2144,12696,523,991,13687
31,1693,1549,3242,1481,4723,1526,6249,1860,6583,1254,7837,1741,9578,1661,11239,1685,12924,523,764,13688
30,1955,1543,3498,1507,5005,1595,6600,1934,6939,1269,8208,1608,9816,1613,11429,1635,13064,523,635,13699
32,1362,1365,2727,1402,4129,1477,5606,1803,5932,1250,7182,1700,8882,1788,10670,2122,12792,523,908,13700
40,1617,1515,3132,1525,4657,1564,6221,1906,6563,1280,7843,1660,9503,1752,11255,1696,12951,523,757,13708
34,1403,1365,2768,1440,4208,1550,5758,1913,6121,1214,7335,1715,9050,1938,10988,1935,12923,523,786,13709
34,1425,1326,2751,1368,4119,1481,5600,1794,5913,1305,7218,1743,8961,2026,10987,1996,12983,523,727,13710
40,1459,1530,2989,1492,4481,1542,6023,1866,6347,1203,7550,1626,9176,1778,10954,1860,12814,523,898,13712
34,1545,1404,2949,1442,4391,1470,5861,1797,6188,1191,7379,1616,8995,1934,10929,2079,13008,524,717,13725
39,1548,1519,3067,1548,4615,1592,6207,1938,6553,1286,7839,1684,9523,1748,11271,1720,12991,524,735,13726
31,1548,1541,3089,1525,4614,1543,6157,1883,6497,1260,7757,1666,9423,1767,11190,1796,12986,524,743,13729
32,1418,1417,2835,1430,4265,1477,5742,1802,6067,1268,7335,1736,9071,1907,10978,1981,12959,525,782,13741
30,1375,1417,2792,1467,4259,1497,5756,1819,6078,1287,7365,1665,9030,1871,10901,2061,12962,525,780,13742
39,1514,1519,3033,1499,4532,1527,6059,1863,6395,1527,7922,1644,9566,1702,11268,1742,13010,525,734,13744
39,1309,1299,2608,1306,3914,1478,5392,1789,5703,1396,7099,1869,8968,1979,10947,1963,12910,525,835,13745
34,1540,1526,3066,1490,4556,1589,6145,1918,6474,1386,7860,1684,9544,1767,11311,1747,13058,525,691,13749
33,1509,1370,2879,1366,4245,1408,5653,1727,5972,1270,7242,1728,8970,1959,10929,1981,12910,525,841,13751
40,1308,1292,2600,1356,3956,1481,5437,1841,5797,1342,7139,1836,8975,1952,10927,1927,12854,525,911,13765
34,1672,1589,3261,1516,4777,1537,6314,1863,6640,1230,7870,1658,9528,1722,11250,1731,12981,526,785,13766
38,1310,1297,2607,1353,3960,1391,5351,1684,5644,2664,8308,1560,9868,1540,11408,1715,13123,526,646,13769
31,1204,1226,2430,1237,3667,1291,4958,1583,5250,1181,6431,1807,8238,2052,10290,2469,12759,526,1014,13773
40,1764,1591,3355,1557,4912,1537,6449,1865,6777,1254,8031,1608,9639,1636,11275,1690,12965,526,808,13773
31,1354,1337,2691,1350,4041,1398,5439,1723,5764,1195,6959,1687,8646,1770,10416,2499,12915,526,858,13773
32,1477,1540,3017,1531,4548,1512,6060,1833,6381,1198,7579,1624,9203,1803,11006,1788,12794,526,981,13775
35,1338,1307,2645,1320,3965,1366,5331,1672,5637,1130,6767,1524,8291,2141,10432,2233,12665,526,1112,13777
40,1530,1530,3060,1562,4622,1596,6218,1936,6558,1290,7848,1718,9566,1741,11307,1726,13033,526,745,13778
39,1599,1558,3157,1547,4704,1574,6278,1925,6629,1264,7893,1704,9597,1781,11378,1717,13095,526,691,13786
38,1462,1451,2913,1500,4413,1598,6011,1942,6355,1385,7740,1701,9441,1939,11380,1679,13059,527,734,13793
35,1768,1609,3377,1544,4921,1563,6484,1907,6828,1240,8068,1696,9764,1681,11445,1647,13092,527,703,13795
39,1657,1567,3224,1561,4785,1581,6366,1927,6712,1275,7987,1705,9692,1713,11405,1650,13055,527,741,13796
38,1315,1388,2703,1419,4122,1509,5631,1833,5955,1239,7194,1690,8884,1999,10883,2095,12978,527,824,13802
40,1339,1335,2674,1362,4036,1397,5433,1710,5746,1426,7172,1947,9119,1946,11065,1898,12963,527,844,13807
37,1355,1300,2655,1330,3985,1451,5436,1776,5761,1291,7052,1722,8774,2005,10779,2002,12781,527,1036,13817
39,1547,1564,3111,1570,4681,1659,6340,2003,6684,1269,7953,1671,9624,1705,11329,1759,13088,527,729,13817
35,1595,1539,3134,1519,4653,1539,6192,1877,6530,1211,7741,1690,9431,1739,11170,1811,12981,528,840,13821
40,1304,1288,2592,1305,3897,1558,5455,1863,5760,1109,6869,1630,8499,2139,10638,2251,12889,528,938,13827
40,1276,1393,2669,1410,4079,1448,5527,1770,5849,1183,7032,1698,8730,1858,10588,2126,12714,528,1118,13832
38,1353,1343,2696,1344,4040,1392,5432,1699,5739,1188,6927,1561,8488,1770,10258,2639,12897,528,935,13832
35,1274,1323,2597,1343,3940,1391,5331,1697,5637,1185,6822,1910,8732,2076,10808,2122,12930,528,903,13833
32,1755,1646,3401,1632,5033,1660,6693,2009,7042,1310,8352,1651,10003,1618,11621,1541,13162,528,672,13834
32,1271,1271,2542,1252,3794,1247,5041,1519,5313,989,6302,1381,7683,2246,9929,2551,12480,528,1356,13836
33,1588,1507,3095,1497,4592,1488,6080,1813,6405,1257,7662,1694,9356,1732,11088,1925,13013,529,832,13845
38,1358,1361,2719,1440,4159,1558,5717,1895,6054,1290,7344,1746,9090,1879,10969,1980,12949,529,901,13850
31,1284,1325,2609,1399,4008,1572,5580,1894,5902,1302,7204,1695,8899,1927,10826,1974,12800,529,1051,13851
31,1621,1522,3143,1522,4665,1582,6247,1928,6593,1285,7878,1664,9542,1680,11222,1839,13061,529,790,13851
34,1488,1359,2847,1420,4267,1510,5777,1848,6115,1289,7404,1818,9222,1915,11137,1918,13055,529,799,13854
40,1410,1453,2863,1472,4335,1519,5854,1858,6193,1206,7399,1594,8993,2068,11061,2079,13140,529,714,13854
35,1551,1536,3087,1523,4610,1521,6131,1864,6474,1195,7669,1691,9360,1775,11135,1830,12965,529,890,13855
31,1418,1370,2788,1371,4159,1431,5590,1746,5905,1197,7102,1777,8879,2008,10887,2118,13005,529,852,13857
34,1247,1285,2532,1358,3890,1522,5412,1869,5759,1335,7094,1620,8714,1870,10584,2241,12825,529,1036,13861
30,1547,1407,2954,1439,4393,1535,5928,1864,6257,1221,7478,1711,9189,1928,11117,1881,12998,529,864,13862
38,1510,1558,3068,1567,4635,1647,6282,1993,6628,1268,7896,1616,9512,1735,11247,1839,13086,529,776,13862
30,1222,1242,2464,1247,3711,1405,5116,1697,5408,1398,6806,2183,8989,2540,11529,1722,13251,529,611,13862
35,1730,1666,3396,1580,4976,1703,6679,2072,7048,1279,8327,1650,9977,1690,11667,1553,13220,529,643,13863
33,1335,1342,2677,1388,4065,1460,5525,1776,5841,1219,7060,1742,8802,1966,10768,2098,12866,530,1010,13876
32,1471,1496,2967,1514,4481,1567,6048,1898,6379,1291,7670,1767,9437,1779,11216,1910,13126,530,752,13878
35,1300,1313,2613,1938,4551,1746,6297,2088,6639,1279,7918,1601,9519,1826,11345,1830,13175,530,704,13879
35,1310,1330,2640,1314,3954,1369,5323,1674,5628,1153,6781,1882,8663,2611,11274,1762,13036,530,845,13881
37,1238,1321,2559,1415,3974,1488,5462,1813,5787,1231,7018,1810,8828,1978,10806,2143,12949,531,951,13900
38,1237,1239,2476,1253,3729,1293,5022,1577,5306,1039,6345,1440,7785,1804,9589,2956,12545,531,1357,13902
36,1631,1613,3244,1611,4855,1723,6578,2072,6927,1285,8212,1629,9841,1630,11471,1659,13130,531,774,13904
30,1309,1349,2658,1388,4046,1459,5505,1779,5825,1262,7087,1812,8899,2082,10981,2033,13014,531,892,13906
32,1213,1196,2409,1223,3632,1365,4997,1672,5304,1172,6476,2004,8480,1903,10383,2319,12702,531,1209,13911
40,1565,1529,3094,1550,4644,1537,6181,1865,6509,1242,7751,1624,9375,1825,11200,1858,13058,531,856,13914
33,1324,1337,2661,1377,4038,1530,5568,1854,5892,1296,7188,1825,9013,1980,10993,2056,13049,531,865,13914
39,1665,1580,3245,1583,4828,1571,6399,1920,6748,1265,8013,1654,9667,1727,11394,1767,13161,532,766,13927
33,1363,1291,2654,1446,4100,1610,5710,1920,6020,1385,7405,1796,9201,1960,11161,1996,13157,532,771,13928
32,1387,1450,2837,1501,4338,1537,5875,1881,6219,1273,7492,1755,9247,1888,11135,1938,13073,532,857,13930
33,1252,1245,2497,1259,3756,1321,5077,1619,5375,1190,6565,1844,8409,2555,10964,2262,13226,532,706,13932
33,1595,1531,3126,1550,4676,1628,6304,1986,6662,1350,8012,1712,9724,1751,11475,1723,13198,532,735,13933
36,1376,1446,2822,1509,4331,1612,5943,1940,6271,1465,7736,1557,9293,2103,11396,1783,13179,532,761,13940
34,1798,1554,3352,1428,4780,1374,6154,1673,6453,1154,7607,1702,9309,1918,11227,1919,13146,533,804,13950
38,1278,1303,2581,1425,4006,1519,5525,1848,5854,1262,7116,1596,8712,1724,10436,2143,12579,533,1374,13953
40,1438,1409,2847,1490,4337,1573,5910,1898,6235,1345,7580,1752,9332,1933,11265,1893,13158,533,798,13956
32,1270,1239,2509,1291,3800,1390,5190,1692,5492,1329,6821,2008,8829,2124,10953,2177,13130,533,827,13957
34,1334,1351,2685,1367,4052,1384,5436,1683,5735,1095,6830,1477,8307,1821,10128,2940,13068,533,890,13958
40,1497,1567,3064,1571,4635,1529,6164,1861,6496,1264,7760,1772,9532,1844,11376,1889,13265,533,693,13958
35,1580,1571,3151,1585,4736,1641,6377,1974,6710,1310,8020,1726,9746,1794,11540,1688,13228,533,731,13959
35,1528,1456,2984,1501,4485,1595,6080,1964,6449,1400,7849,1784,9633,1742,11375,1776,13151,533,811,13962
37,1367,1384,2751,1406,4157,1446,5603,1758,5915,1221,7136,1870,9006,2019,11025,2069,13094,533,870,13964
38,1708,1588,3296,1560,4856,1572,6428,1922,6778,1324,8102,1734,9836,1704,11540,1644,13184,533,783,13967
39,1727,1597,3324,1615,4939,1606,6545,1956,6895,1276,8171,1625,9796,1662,11458,1727,13185,533,782,13967
36,1811,1611,3422,1765,5187,1572,6759,1920,7107,1201,8308,1772,10080,1632,11712,1599,13311,533,661,13972
39,1387,1430,2817,1479,4296,1485,5781,1807,6103,1218,7321,1862,9183,2007,11190,1920,13110,533,864,13974
31,1286,1391,2677,1555,4232,1559,5791,1882,6114,1345,7459,1809,9268,1891,11159,2036,13195,534,780,13975
38,1258,1327,2585,1581,4166,1687,5853,2022,6188,1297,7485,1767,9252,1955,11207,1860,13067,534,909,13976
40,1255,1380,2635,1482,4117,1590,5707,1928,6045,1238,7283,1736,9019,2004,11023,1993,13016,534,962,13978
38,1232,1290,2522,1361,3883,1437,5320,1750,5633,1251,6884,1835,8719,2228,10947,2122,13069,534,914,13983
40,1382,1349,2731,1350,4081,1382,5463,1674,5755,1086,6841,1651,8492,2089,10581,2488,13069,534,930,13999
40,1384,1433,2817,1639,4456,1653,6109,1989,6445,1333,7778,1728,9506,1818,11324,1897,13221,534,780,14001
36,1321,1334,2655,1358,4013,1400,5413,1712,5725,1162,6887,1711,8598,2014,10612,2344,12956,535,1046,14002
33,1607,1537,3144,1556,4700,1570,6270,1911,6611,1291,7902,1729,9631,1797,11428,1817,13245,535,757,14002
34,1267,1302,2569,1388,3957,1528,5485,1908,5865,1320,7185,1858,9043,1994,11037,2048,13085,535,923,14008
31,1575,1476,3051,1471,4522,1535,6057,1858,6380,1316,7696,1877,9573,1829,11402,1857,13259,535,753,14012
40,1514,1442,2956,1478,4434,1542,5976,1889,6323,1327,7650,1826,9476,1942,11418,1838,13256,535,759,14015
39,1315,1366,2681,1478,4159,1579,5738,1922,6081,1389,7470,1895,9365,1858,11223,1937,13160,535,855,14015
32,1333,1445,2778,1509,4287,1569,5856,1919,6206,1376,7582,1760,9342,1849,11191,2041,13232,535,790,14022
36,1375,1459,2834,1618,4452,1637,6089,1980,6432,1374,7806,1896,9702,1777,11479,1850,13329,535,697,14026
30,1452,1381,2833,1442,4275,1551,5826,1906,6181,1331,7512,1837,9349,2037,11386,1884,13270,535,757,14027
38,1655,1559,3214,1591,4805,1558,6363,1901,6706,1281,7987,1762,9749,1803,11552,1715,13267,536,763,14030
39,1739,1504,3243,1504,4747,1568,6315,1912,6659,1276,7935,1749,9684,1754,11438,1795,13233,536,799,14032
32,1573,1561,3134,1561,4695,1591,6286,1942,6637,1267,7904,1774,9678,1836,11514,1791,13305,536,730,14035
40,1299,1290,2589,1307,3896,1368,5264,1658,5554,1260,6814,1817,8631,2009,10640,2196,12836,536,1200,14036
38,1628,1553,3181,1537,4718,1567,6285,1915,6633,1279,7912,1662,9574,1729,11303,1796,13099,536,939,14038
40,1395,1420,2815,1489,4304,1537,5841,1872,6176,1274,7450,1744,9194,1948,11142,2053,13195,536,843,14038
38,1451,1462,2913,1490,4403,1512,5915,1831,6234,1250,7484,1753,9237,1881,11118,1985,13103,536,941,14044
36,1388,1449,2837,1535,4372,1641,6013,1995,6367,1318,7685,1799,9484,1872,11356,1872,13228,536,816,14044
30,1445,1492,2937,1585,4522,1595,6117,1922,6444,1434,7878,1848,9726,1760,11486,1800,13286,536,759,14045
31,1647,1515,3162,1534,4696,1587,6283,1924,6620,1267,7887,1733,9620,1767,11387,1843,13230,536,817,14047
40,1524,1493,3017,1488,4505,1486,5991,1812,6317,1150,7467,1630,9097,1826,10923,2333,13256,536,796,14052
31,1801,1626,3427,1648,5075,1713,6788,2072,7147,1275,8422,1668,10090,1698,11788,1598,13386,537,678,14064
36,1302,1371,2673,1481,4154,1672,5826,2009,6163,1426,7589,1882,9471,1898,11369,1939,13308,537,765,14073
37,1807,1707,3514,1647,5161,1593,6754,1934,7095,1296,8391,1644,10035,1663,11698,1645,13343,537,731,14074
34,1547,1437,2984,1411,4395,1454,5849,1781,6176,1275,7451,1738,9189,2275,11464,1845,13309,537,767,14076
40,1643,1606,3249,1635,4884,1601,6485,1949,6833,1272,8105,1680,9785,1751,11536,1784,13320,538,763,14083
30,1264,1302,2566,1377,3943,1713,5656,2055,5998,1713,7711,1855,9566,1840,11406,2053,13459,538,626,14085
32,1694,1561,3255,1467,4722,1545,6267,1902,6624,1530,8154,1590,9744,1719,11463,1809,13272,538,818,14090
36,1285,1307,2592,1420,4012,1558,5570,1888,5900,1285,7185,1745,8930,2376,11306,2024,13330,538,764,14094
37,1464,1534,2998,1530,4528,1531,6059,1861,6389,1254,7643,1788,9431,2122,11553,1747,13300,538,798,14098
32,1244,1271,2515,1310,3825,1332,5157,1622,5447,1088,6535,1464,7999,1999,9998,2881,12879,538,1220,14099
35,1351,1429,2780,1476,4256,1512,5768,1839,6095,1333,7428,1804,9232,1986,11218,1975,13193,538,906,14099
40,1627,1555,3182,1549,4731,1591,6322,1935,6666,1299,7965,1757,9722,1812,11534,1797,13331,538,774,14105
37,1630,1553,3183,1537,4720,1568,6288,1915,6635,1307,7942,1782,9724,1813,11537,1798,13335,539,773,14108
40,1253,1294,2547,1417,3964,1668,5632,2001,5965,1515,7480,1813,9293,2048,11341,1921,13262,539,847,14109
34,1357,1372,2729,1402,4131,1427,5558,1738,5869,1152,7021,1711,8732,2311,11043,2008,13051,539,1061,14112
38,1661,1635,3296,1580,4876,1592,6468,1944,6820,1290,8110,1751,9861,1795,11656,1720,13376,539,737,14113
38,1777,1622,3399,1548,4947,1562,6509,1907,6854,1264,8118,1684,9802,1746,11548,1788,13336,539,777,14113
31,1524,1473,2997,1491,4488,1481,5969,1799,6287,1194,7481,1713,9194,1821,11015,2352,13367,539,748,14115
40,1529,1474,3003,1459,4462,1445,5907,1765,6227,1199,7426,1730,9156,1956,11112,2093,13205,539,912,14117
34,1723,1570,3293,1553,4846,1565,6411,1907,6753,1243,7996,1664,9660,1769,11429,1872,13301,539,821,14122
36,1286,1305,2591,1364,3955,1551,5506,1889,5844,1394,7238,1911,9149,2023,11172,2041,13213,539,913,14126
39,1531,1421,2952,1418,4370,1481,5851,1811,6181,1270,7451,1705,9156,1944,11100,2159,13259,539,872,14131
33,1539,1506,3045,1510,4555,1546,6101,1884,6439,1249,7688,1740,9428,1973,11401,1982,13383,540,755,14138
36,1354,1384,2738,1430,4168,1517,5685,1834,6002,1395,7397,1780,9177,1877,11054,2019,13073,540,1073,14146
35,1536,1323,2859,1390,4249,1468,5717,1797,6046,1250,7296,1759,9055,1893,10948,2416,13364,540,783,14147
38,1287,1381,2668,1576,4244,1599,5843,1933,6177,1329,7506,1849,9355,2025,11380,1912,13292,540,856,14148
38,1668,1555,3223,1633,4856,1576,6432,1921,6777,1254,8031,1755,9786,1801,11587,1784,13371,540,779,14150
40,1559,1444,3003,1454,4457,1533,5990,1863,6320,1254,7574,1801,9375,2005,11380,1909,13289,540,864,14153
32,1457,1453,2910,1460,4370,1473,5843,1792,6162,1184,7346,1668,9014,1909,10923,2358,13281,540,873,14154
36,1542,1466,3008,1499,4507,1513,6020,1847,6354,1297,7651,1816,9467,1948,11415,1971,13386,540,770,14156
34,1626,1617,3243,1614,4857,1626,6483,1977,6834,1265,8099,1699,9798,1797,11595,1767,13362,540,795,14157
32,1324,1415,2739,1461,4200,1595,5795,1916,6116,1330,7446,1756,9202,2074,11276,2019,13295,540,862,14157
38,1725,1635,3360,1582,4942,1556,6498,1896,6838,1326,8164,1694,9858,1732,11590,1807,13397,540,761,14158
38,1378,1365,2743,1848,4591,1615,6206,1910,6501,1566,8067,1756,9823,1798,11621,1819,13440,541,724,14164
39,1517,1471,2988,1501,4489,1561,6050,1910,6399,1374,7773,1905,9678,1879,11557,1862,13419,541,752,14171
37,1437,1526,2963,1592,4555,1609,6164,1944,6499,1313,7812,1811,9623,1908,11531,1864,13395,541,777,14172
39,1323,1344,2667,1354,4021,1422,5443,1743,5764,1311,7075,1762,8837,1931,10768,2430,13198,541,974,14172
40,1322,1334,2656,1432,4088,1632,5720,1958,6046,1480,7526,1794,9320,2040,11360,2015,13375,541,805,14180
30,1594,1469,3063,1471,4534,1556,6090,1893,6427,1303,7730,1913,9643,1917,11560,1861,13421,541,759,14180
35,1306,1378,2684,1490,4174,1593,5767,1942,6116,1373,7489,1806,9295,1859,11154,2120,13274,541,909,14183
37,1574,1564,3138,1573,4711,1617,6328,1961,6672,1270,7942,1750,9692,1806,11498,1847,13345,542,842,14187
33,1387,1399,2786,1454,4240,1571,5811,1940,6180,1462,7642,1964,9606,1927,11533,1832,13365,542,824,14189
30,1244,1291,2535,1371,3906,1486,5392,1811,5717,1293,7010,1780,8790,1967,10757,2303,13060,542,1129,14189
33,1560,1466,3026,1476,4502,1498,6000,1833,6335,1217,7552,1587,9139,1735,10874,2627,13501,542,692,14193
38,1373,1433,2806,1586,4392,1607,5999,1934,6326,1304,7630,1739,9369,1978,11347,1980,13327,542,867,14194
30,1301,1318,2619,1355,3974,1486,5460,1823,5797,1318,7115,1885,9000,2123,11123,2188,13311,542,885,14196
39,1425,1407,2832,1482,4314,1566,5880,1902,6216,1334,7550,1841,9391,1963,11354,2012,13366,542,830,14196
39,1294,1382,2676,1492,4168,1564,5732,1896,6064,1277,7341,1835,9176,2217,11393,2036,13429,542,769,14198
30,1368,1442,2810,1734,4544,1526,6070,1860,6404,1444,7848,1627,9475,1940,11415,Err:520,Err:520,542,Err:520,14202
36,1619,1582,3201,1580,4781,1574,6355,1932,6713,1284,7997,1674,9671,1859,11530,1883,13413,542,792,14205
39,1499,1452,2951,1474,4425,1493,5918,1826,6251,1336,7587,1870,9457,2013,11470,1896,13366,542,843,14209
40,1374,1352,2726,1386,4112,1490,5602,1814,5926,1281,7207,1952,9159,2015,11174,2209,13383,543,840,14223
30,1657,1567,3224,1561,4785,1581,6366,1927,6712,1275,7987,1706,9693,1902,11595,1826,13421,543,802,14223
35,1636,1635,3271,1732,5003,1707,6710,2048,7051,1356,8407,1833,10240,1874,12114,1497,13611,543,615,14226
37,1773,1632,3405,1632,5037,1626,6663,1977,7014,1281,8295,1635,9930,1650,11580,1749,13329,543,898,14227
34,1619,1634,3253,1609,4862,1629,6491,1976,6838,1342,8180,1793,9973,1781,11754,1792,13546,543,684,14230
33,1234,1269,2503,1319,3822,Err:520,Err:520,1938,5760,1382,7142,2160,9302,2405,11707,1742,13449,543,782,14231
31,1654,1614,3268,1609,4877,1651,6528,1997,6874,1313,8187,1742,9929,1812,11741,1732,13473,543,758,14231
33,1305,1302,2607,1359,3966,1464,5430,1822,5788,1414,7202,1952,9154,2074,11228,2228,13456,544,783,14239
40,1374,1375,2749,1400,4149,1462,5611,1782,5931,1207,7138,1656,8794,1871,10665,2371,13036,544,1203,14239
33,1344,1606,2950,1690,4640,1684,6324,2028,6668,1290,7958,1762,9720,1927,11647,1796,13443,544,801,14244
40,1365,1428,2793,1498,4291,1584,5875,1932,6223,1307,7530,1856,9386,2171,11557,1928,13485,544,765,14250
33,1334,1352,2686,1394,4080,1480,5560,1823,5903,1305,7208,1804,9012,2083,11095,2179,13274,544,983,14257
39,1899,1715,3614,1730,5344,1745,7089,2124,7468,1294,8762,1658,10420,1638,12058,1536,13594,544,669,14263
38,1671,1615,3286,1588,4874,1590,6464,1937,6811,1257,8068,1659,9727,1926,11653,1835,13488,544,775,14263
35,1704,1629,3333,1614,4947,1638,6585,1992,6939,1340,8279,1734,10013,1790,11803,1704,13507,545,756,14263
34,1297,1288,2585,1320,3905,1477,5382,1809,5714,1309,7023,1880,8903,2113,11016,2495,13511,545,753,14264
35,1764,1585,3349,1538,4887,1577,6464,1929,6816,1275,8091,1705,9796,1843,11639,1849,13488,545,777,14265
36,1678,1647,3325,1653,4978,1647,6625,2006,6984,1315,8299,1712,10011,1768,11779,1742,13521,545,745,14266
39,1775,1667,3442,1645,5087,1639,6726,1997,7084,1292,8376,1695,10071,1711,11782,1687,13469,545,802,14271
32,1426,1395,2821,1365,4186,1383,5569,1683,5869,1082,6951,1426,8377,1741,10118,2865,12983,545,1288,14271
31,1412,1387,2799,1414,4213,1516,5729,1855,6068,1263,7331,1783,9114,2245,11359,2157,13516,545,756,14272
36,1751,1662,3413,1616,5029,1624,6653,1980,7009,1285,8294,1696,9990,1707,11697,1833,13530,545,748,14278
38,1435,1438,2873,1419,4292,1536,5828,1885,6177,1412,7589,1841,9430,2068,11498,1919,13417,545,867,14284
38,1835,1634,3469,1631,5100,1643,6743,2004,7104,1374,8478,1700,10178,1709,11887,1694,13581,545,707,14288
35,1590,1617,3207,1653,4860,1659,6519,2016,6876,1309,8185,1728,9913,1822,11735,1777,13512,545,777,14289
33,1605,1459,3064,1456,4520,1648,6168,2009,6529,1437,7966,1835,9801,1825,11626,1925,13551,546,740,14291
40,1496,1578,3074,1618,4692,1641,6333,1972,6664,1306,7970,1829,9799,1840,11639,1826,13465,546,828,14293
30,1249,1226,2475,1236,3711,1283,4994,1555,5266,1007,6273,1463,7736,4417,12153,1512,13665,546,631,14296
32,1380,1454,2834,1450,4284,1509,5793,1834,6118,1265,7383,1833,9216,2150,11366,2102,13468,546,829,14297
30,1478,1538,3016,1575,4591,1651,6242,2024,6615,1366,7981,1863,9844,1891,11735,1839,13574,546,725,14299
40,1648,1538,3186,1600,4786,1669,6455,2018,6804,1370,8174,1780,9954,1868,11822,1762,13584,546,716,14300
33,1259,1261,2520,1387,3907,1415,5322,1723,5630,1591,7221,1806,9027,2078,11105,2201,13306,546,995,14301
34,1468,1542,3010,1566,4576,1630,6206,1967,6543,1327,7870,1803,9673,1877,11550,1971,13521,546,780,14301
31,1739,1646,3385,1666,5051,1599,6650,1937,6988,1255,8243,1672,9915,1712,11627,1723,13350,546,951,14301
35,1308,1310,2618,1298,3916,1423,5339,1773,5689,1305,6994,2007,9001,2239,11240,2205,13445,546,857,14302
37,1366,1376,2742,1390,4132,1408,5540,1719,5851,1166,7017,1831,8848,2309,11157,2399,13556,546,747,14303
38,1427,1450,2877,1468,4345,1567,5912,1891,6236,1234,7470,1818,9288,2040,11328,2082,13410,546,898,14308
37,1417,1493,2910,1585,4495,1627,6122,1975,6470,1374,7844,1764,9608,1847,11455,1897,13352,546,957,14309
35,1896,1742,3638,1700,5338,1685,7023,2049,7387,1322,8709,1680,10389,1645,12034,1613,13647,547,673,14320
40,1441,1454,2895,1493,4388,1546,5934,1871,6259,1315,7574,1813,9387,2129,11516,2126,13642,547,691,14333
33,1397,1433,2830,1533,4363,1631,5994,2033,6396,1302,7698,1755,9453,1997,11450,1961,13411,547,923,14334
40,1602,1581,3183,1563,4746,1596,6342,1943,6689,1279,7968,1773,9741,1923,11664,1909,13573,547,762,14335
33,1561,1630,3191,1614,4805,1658,6463,2020,6825,1323,8148,1707,9855,1825,11680,1891,13571,548,775,14346
33,1159,1215,2374,1616,3990,1762,5752,2035,6025,1182,7207,3106,10313,2025,12338,1477,13815,548,533,14348
38,1308,1331,2639,1433,4072,1702,5774,2022,6094,1472,7566,1878,9444,1986,11430,2106,13536,548,816,14352
39,1561,1555,3116,1582,4698,1674,6372,2039,6737,1309,8046,1797,9843,1816,11659,1888,13547,548,814,14361
36,1812,1710,3522,1577,5099,1609,6708,1959,7058,1271,8329,1716,10045,1802,11847,1795,13642,548,724,14366
36,1593,1583,3176,1596,4772,1577,6349,1918,6690,1257,7947,1664,9611,1830,11441,2159,13600,549,769,14369
36,1467,1431,2898,1445,4343,1587,5930,1940,6283,1392,7675,1921,9596,1973,11569,2031,13600,549,769,14369
38,1563,1531,3094,1513,4607,1507,6114,1834,6441,1371,7812,1851,9663,1915,11578,1925,13503,549,868,14371
34,1583,1420,3003,1436,4439,1540,5979,1872,6311,1278,7589,1775,9364,1895,11259,2183,13442,549,933,14375
34,1624,1614,3238,1589,4827,1648,6475,2008,6835,1344,8179,1768,9947,1785,11732,1831,13563,549,814,14377
30,1471,1508,2979,1603,4582,1613,6195,1962,6544,1320,7864,1774,9638,1898,11536,2061,13597,549,786,14383
37,1624,1523,3147,1549,4696,1606,6302,1962,6658,1311,7969,1756,9725,1865,11590,1969,13559,549,825,14384
34,1395,1423,2818,1474,4292,1610,5902,1966,6258,1323,7581,1890,9471,2136,11607,1944,13551,549,837,14388
36,1726,1618,3344,1633,4977,1598,6575,1932,6909,1355,8264,1763,10027,1835,11862,1792,13654,549,740,14394
33,1297,1495,2792,1410,4202,1532,5734,1866,6068,1252,7320,1823,9143,2005,11148,2240,13388,550,1007,14395
40,1944,1825,3769,1674,5443,1701,7144,2063,7506,1256,8762,1621,10383,1571,11954,1697,13651,550,755,14406
37,1441,1444,2885,1486,4371,1553,5924,1900,6271,1291,7562,1820,9382,2041,11423,2097,13520,550,890,14410
36,1560,1416,2976,1440,4416,1510,5926,1841,6257,1258,7515,1795,9310,2203,11513,2075,13588,550,830,14418
37,1729,1669,3398,1660,5058,1677,6735,2039,7097,1341,8438,1744,10182,1782,11964,1696,13660,551,762,14422
39,1508,1503,3011,1611,4622,1659,6281,2016,6638,1442,8080,1828,9908,1895,11803,1821,13624,551,799,14423
37,1692,1628,3320,1581,4901,1609,6510,1961,6862,1288,8150,1728,9878,1918,11796,1864,13660,551,765,14425
40,1421,1506,2927,1550,4477,1634,6111,2002,6479,1363,7842,1850,9692,1996,11688,1950,13638,551,794,14432
37,1554,1424,2978,1494,4472,1591,6063,1924,6396,1525,7921,2004,9925,2018,11943,1808,13751,551,681,14432
31,1895,1720,3615,1690,5305,1692,6997,2061,7366,1422,8788,1733,10521,1760,12281,1544,13825,551,619,14444
38,1701,1584,3285,1573,4858,1629,6487,1975,6833,1307,8140,1761,9901,1923,11824,1810,13634,551,813,14447
32,1287,1350,2637,1481,4118,1589,5707,1924,6042,1345,7387,1936,9323,1943,11266,2395,13661,552,798,14459
35,1537,1629,3166,1669,4835,1723,6558,2073,6908,1354,8262,1802,10064,1884,11948,1750,13698,552,761,14459
30,1260,1292,2552,1427,3979,1853,5832,2166,6145,1359,7504,1696,9200,2501,11701,1983,13684,552,781,14465
32,1330,1296,2626,1355,3981,1567,5548,1902,5883,1545,7428,1734,9162,2117,11279,2353,13632,552,837,14469
33,1826,1594,3420,1564,4984,1583,6567,1930,6914,1274,8188,1821,10009,1833,11842,1848,13690,552,780,14470
40,1528,1549,3077,1555,4632,1613,6245,1960,6592,1257,7849,1747,9596,1804,11400,2162,13562,552,909,14471
30,1668,1593,3261,1619,4880,1679,6559,2077,6957,1361,8318,1841,10159,1814,11973,1793,13766,553,724,14490
36,1379,1379,2758,1447,4205,1581,5786,1929,6134,1575,7709,1831,9540,2307,11847,1861,13708,553,788,14496
40,1494,1526,3020,1606,4626,1667,6293,2049,6675,1359,8034,1843,9877,1930,11807,1906,13713,554,789,14502
30,1488,1568,3056,1577,4633,1651,6284,1977,6610,1368,7978,1874,9852,1974,11826,1868,13694,554,809,14503
32,1636,1616,3252,1591,4843,1586,6429,1932,6775,1259,8034,1814,9848,1910,11758,1900,13658,554,849,14507
39,1297,1321,2618,1334,3952,1541,5493,1848,5800,1130,6930,1887,8817,2282,11099,2376,13475,554,1044,14519
34,1638,1505,3143,1543,4686,1627,6313,1988,6674,1371,8045,1938,9983,2011,11994,1779,13773,555,753,14526
31,1655,1603,3258,1612,4870,1614,6484,1970,6840,1463,8303,1743,10046,1842,11888,1873,13761,555,776,14537
39,1386,1387,2773,1431,4204,1481,5685,1801,6005,1202,7207,1698,8905,1907,10812,2713,13525,555,1016,14541
32,1679,1568,3247,1677,4924,1680,6604,2356,7280,1272,8552,1697,10249,1739,11988,1761,13749,555,793,14542
31,1278,1396,2674,1801,4475,1628,6103,2003,6478,1431,7909,1999,9908,1877,11785,1940,13725,555,818,14543
35,1620,1617,3237,1521,4758,1571,6329,1906,6664,1278,7942,1872,9814,2078,11892,1812,13704,555,840,14544
34,1259,1254,2513,1316,3829,1659,5488,1980,5809,1553,7362,2022,9384,2233,11617,2231,13848,556,713,14561
36,1588,1553,3141,1593,4734,1566,6300,1919,6653,1301,7954,1845,9799,1823,11622,2029,13651,556,916,14567
30,1721,1633,3354,1633,4987,1640,6627,1994,6981,1380,8361,1823,10184,1765,11949,1880,13829,557,756,14585
36,1639,1574,3213,1649,4862,1663,6525,2035,6897,1390,8287,1831,10118,1867,11985,1818,13803,557,782,14585
39,1394,1427,2821,1474,4295,1549,5844,1896,6191,1330,7521,1923,9444,2243,11687,2022,13709,557,888,14597
35,1448,1499,2947,1505,4452,1555,6007,1902,6354,1338,7692,1965,9657,2094,11751,1950,13701,557,897,14598
38,1392,1448,2840,1566,4406,1609,6015,1935,6341,1278,7619,1663,9282,1909,11191,2675,13866,557,735,14601
30,1909,1709,3618,1599,5217,1637,6854,1981,7198,1324,8522,1767,10289,1782,12071,1800,13871,557,730,14601
40,1559,1448,3007,1428,4435,1590,6025,1913,6348,1386,7734,1793,9527,1989,11516,2096,13612,557,989,14601
39,1716,1616,3332,1616,4948,1647,6595,2046,6994,1455,8449,1731,10180,1861,12041,1846,13887,558,717,14604
31,1777,1658,3435,1653,5088,1722,6810,2099,7187,1402,8589,1757,10346,1754,12100,1732,13832,558,773,14605
30,1755,1585,3340,1516,4856,1529,6385,1859,6715,1262,7977,1846,9823,1933,11756,2060,13816,558,793,14609
34,1679,1613,3292,1598,4890,1600,6490,1953,6843,1353,8196,1837,10033,1940,11973,1842,13815,558,798,14613
36,1514,1534,3048,1525,4573,1540,6113,1887,6460,1231,7691,1678,9369,2148,11517,2341,13858,558,762,14620
32,1559,1543,3102,1559,4661,1591,6252,1937,6598,1398,7996,1869,9865,2010,11875,1888,13763,558,859,14622
34,1211,1217,2428,1253,3681,1382,5063,1693,5374,1211,6585,1660,8245,2131,10376,2645,13021,558,1602,14623
30,1539,1502,3041,1530,4571,1562,6133,1906,6477,1283,7760,1769,9529,2057,11586,2130,13716,558,908,14624
30,1832,1779,3611,1734,5345,1697,7042,2071,7416,1331,8747,1685,10432,1694,12126,1689,13815,558,813,14628
38,1243,1254,2497,1267,3764,1475,5239,1768,5532,1112,6644,2569,9213,2634,11847,2050,13897,559,735,14632
33,1717,1478,3195,1449,4644,1523,6167,1852,6496,1284,7780,1801,9581,2045,11626,2224,13850,559,785,14635
38,1687,1496,3183,1475,4658,1577,6235,1932,6590,1682,8272,1963,10235,1987,12222,1699,13921,559,716,14637
40,1338,1346,2684,1459,4143,1688,5831,2036,6179,1638,7817,2035,9852,2167,12019,1867,13886,559,752,14638
30,1548,1484,3032,1566,4598,1657,6255,2026,6624,1400,8024,1874,9898,1940,11838,1907,13745,559,897,14642
31,1364,1423,2787,1491,4278,1742,6020,2067,6345,1441,7786,1960,9746,2089,11835,1985,13820,560,838,14658
37,1334,1485,2819,1458,4277,1596,5873,1946,6223,1404,7627,1959,9586,2240,11826,1996,13822,560,838,14660
40,1937,1726,3663,1685,5348,1627,6975,1976,7324,1303,8627,1713,10340,1726,12066,1833,13899,560,774,14673
30,1303,1378,2681,1396,4077,1633,5710,1951,6028,1342,7370,1818,9188,2414,11602,2303,13905,560,771,14676
38,1445,1459,2904,1472,4376,1537,5913,1873,6249,1275,7524,1860,9384,2238,11622,2185,13807,560,874,14681
38,1354,1392,2746,1454,4200,1604,5804,1935,6135,1479,7614,1914,9528,2125,11653,2227,13880,561,810,14690
37,1421,1418,2839,1417,4256,1428,5684,1737,5993,1156,7149,1604,8753,2100,10853,2654,13507,561,1190,14697
34,1712,1657,3369,1631,5000,1630,6630,1979,6979,1330,8309,1822,10131,1851,11982,1866,13848,561,850,14698
34,1652,1633,3285,1680,4965,1689,6654,2042,7007,1346,8353,1847,10200,2108,12308,1718,14026,561,674,14700
31,1683,1702,3385,1671,5056,1697,6753,2065,7121,1369,8490,1830,10320,1802,12122,1823,13945,561,756,14701
40,1425,1533,2958,1600,4558,1743,6301,2110,6668,1499,8167,1910,10077,1901,11978,1895,13873,561,832,14705
36,1860,1684,3544,1630,5174,1697,6871,2074,7248,1377,8625,1818,10443,1736,12179,1762,13941,561,765,14706
38,1815,1637,3452,1552,5004,1634,6638,1982,6986,1350,8336,1992,10328,1893,12221,1729,13950,562,761,14711
36,1336,1340,2676,1339,4015,1674,5689,1967,5982,1377,7359,1948,9307,2376,11683,2240,13923,562,790,14713
35,1436,1436,2872,1473,4345,1516,5861,1843,6188,1220,7408,1846,9254,2018,11272,2079,13351,562,1365,14716
35,1551,1562,3113,1557,4670,1604,6274,1951,6621,1285,7906,1714,9620,1808,11428,2310,13738,562,980,14718
36,1622,1576,3198,1584,4782,1626,6408,1982,6764,1347,8111,1848,9959,1919,11878,1983,13861,562,858,14719
40,1462,1440,2902,1495,4397,1642,6039,1980,6377,1336,7713,2423,10136,2082,12218,1774,13992,563,754,14746
40,1620,1572,3192,1577,4769,1626,6395,1989,6758,1377,8135,1960,10095,1989,12084,1872,13956,563,804,14760
36,1616,1499,3115,1478,4593,1492,6085,1817,6410,1197,7607,1664,9271,2315,11586,2272,13858,564,910,14768
30,1491,1503,2994,1519,4513,1653,6166,1995,6508,1331,7839,1863,9702,2153,11855,2023,13878,564,891,14769
34,1684,1600,3284,1583,4867,1609,6476,1952,6819,1485,8304,1767,10071,1920,11991,1959,13950,564,823,14773
38,1313,1405,2718,1688,4406,1619,6025,1926,6332,1496,7828,1999,9827,2264,12091,1891,13982,564,792,14774
31,1926,1853,3779,1831,5610,1778,7388,2162,7772,1440,9212,1718,10930,1607,12537,1572,14109,564,666,14775
37,1744,1622,3366,1608,4974,1653,6627,2001,6975,1278,8253,1768,10021,1900,11921,2040,13961,564,817,14778
30,1500,1503,3003,1537,4540,1595,6135,1948,6488,1362,7850,1870,9720,2160,11880,2116,13996,564,785,14781
36,1649,1611,3260,1627,4887,1713,6600,2077,6964,1436,8400,1900,10300,1855,12155,1849,14004,564,779,14783
31,1806,1684,3490,1699,5189,1696,6885,2060,7249,1300,8549,1731,10280,1771,12051,1910,13961,565,837,14798
38,1471,1516,2987,1543,4530,1667,6197,2015,6545,1353,7898,1881,9779,1940,11719,2129,13848,565,952,14800
36,1694,1496,3190,1539,4729,1652,6381,2016,6745,1383,8128,1919,10047,1915,11962,1961,13923,565,880,14803
34,1672,1590,3262,1515,4777,1598,6375,1953,6730,1402,8132,1924,10056,2013,12069,1895,13964,565,847,14811
33,1282,1265,2547,1253,3800,1317,5117,1608,5408,1146,6554,1761,8315,2029,10344,3297,13641,565,1171,14812
31,1290,1352,2642,1494,4136,1579,5715,1928,6064,1588,7652,1851,9503,2151,11654,2248,13902,566,914,14816
40,1857,1849,3706,1762,5468,1762,7230,2120,7588,1375,8963,1738,10701,1740,12441,1662,14103,566,718,14821
37,1785,1654,3439,1688,5127,1735,6862,2118,7245,1472,8717,1838,10555,1849,12404,1725,14129,566,692,14821
39,1581,1615,3196,1618,4814,1642,6456,1991,6805,1318,8123,1835,9958,1999,11957,2086,14043,566,778,14821
32,1774,1603,3377,1551,4928,1704,6632,2054,6982,1304,8286,1822,10108,1929,12037,1959,13996,566,838,14834
30,1344,1378,2722,1546,4268,1713,5981,2081,6349,1431,7780,1921,9701,2030,11731,2261,13992,567,849,14841
36,1384,1419,2803,1480,4283,1564,5847,1955,6238,1391,7629,2492,10121,1856,11977,2042,14019,567,822,14841
36,1272,1276,2548,1304,3852,1364,5216,1666,5518,1206,6724,1868,8592,2220,10812,2765,13577,567,1270,14847
32,1828,1682,3510,1677,5187,1713,6900,2087,7274,1385,8659,1851,10510,1859,12369,1676,14045,567,804,14849
38,1641,1632,3273,1715,4988,1675,6663,2033,7021,1347,8368,1851,10219,1955,12174,1783,13957,567,894,14851
40,1385,1424,2809,1540,4349,1627,5976,1984,6333,1408,7741,1802,9543,2187,11730,2321,14051,567,802,14853
30,1298,1303,2601,1336,3937,1422,5359,1733,5670,1171,6841,1681,8522,2091,10613,3288,13901,567,954,14855
33,1654,1602,3256,1567,4823,1616,6439,1980,6803,1360,8163,1825,9988,2025,12013,1975,13988,567,868,14856
34,1743,1596,3339,1615,4954,1649,6603,2005,6959,1415,8374,2009,10383,1860,12243,1873,14116,568,752,14868
37,1293,1302,2595,1304,3899,1312,5211,1599,5498,1051,6549,1493,8042,2085,10127,3124,13251,568,1622,14873
38,1561,1514,3075,1488,4563,1562,6125,1892,6455,1325,7780,1895,9675,2235,11910,2146,14056,568,821,14877
37,1423,1379,2802,1509,4311,1632,5943,2009,6320,1431,7751,2008,9759,2097,11856,2154,14010,568,882,14892
38,1305,1315,2620,1350,3970,1537,5507,1867,5837,1363,7200,2016,9216,2332,11548,2448,13996,569,898,14894
35,1674,1630,3304,1634,4938,1663,6601,2031,6969,1411,8380,1846,10226,1886,12112,1916,14028,569,867,14895
36,2143,1597,3740,1624,5364,1687,7051,2060,7424,Err:520,Err:520,Err:520,Err:520,Err:520,Err:520,Err:520,14172,569,742,14914
38,1733,1619,3352,1636,4988,1668,6656,2031,7019,1367,8386,1828,10214,1920,12134,1965,14099,569,815,14914
39,1331,1367,2698,1458,4156,1605,5761,1953,6109,1303,7412,1866,9278,2396,11674,2406,14080,569,836,14916
39,1638,1573,3211,1580,4791,1616,6407,1961,6752,1330,8082,1742,9824,2082,11906,2119,14025,570,897,14922
31,1834,1635,3469,1630,5099,1644,6743,1991,7090,1438,8528,1786,10314,1845,12159,1902,14061,570,873,14934
30,1601,1532,3133,1550,4683,1590,6273,1941,6624,1326,7950,2628,10578,1877,12455,1751,14206,570,736,14942
32,1204,3046,4250,1315,5565,1404,6969,1802,7367,1292,8659,1941,10600,1711,12311,1810,14121,570,821,14942
37,1762,1653,3415,1598,5013,1651,6664,2004,7017,1329,8346,1822,10168,1958,12126,1981,14107,571,840,14947
35,1248,1273,2521,1267,3788,1347,5135,1681,5469,1351,6820,3277,10097,2026,12123,2194,14317,571,638,14955
40,1724,1637,3361,1682,5043,1704,6747,2082,7125,1422,8547,1847,10394,1893,12287,1842,14129,571,826,14955
36,1323,1332,2655,1494,4149,1602,5751,1947,6096,1333,7429,1829,9258,2407,11665,2366,14031,571,926,14957
40,1721,1660,3381,1620,5001,1637,6638,1995,6996,1354,8350,1882,10232,1949,12181,1903,14084,571,873,14957
40,1609,1507,3116,1467,4583,1506,6089,1839,6422,1252,7674,1976,9650,2261,11911,2202,14113,571,853,14966
34,1822,1789,3611,1729,5340,1755,7095,2137,7477,1365,8842,1801,10643,1771,12414,1787,14201,572,771,14972
33,1629,1591,3220,1558,4778,1615,6393,1976,6754,1282,8036,1806,9842,2078,11920,2213,14133,572,842,14975
37,1645,1570,3215,1534,4749,1591,6340,1942,6691,1321,8012,1829,9841,2048,11889,2303,14192,572,785,14977
31,1318,1268,2586,1332,3918,1376,5294,1669,5587,1268,6855,1770,8625,2165,10790,2986,13776,572,1219,14995
33,1590,1590,3180,1594,4774,1710,6484,2094,6868,1396,8264,1932,10196,1968,12164,2026,14190,573,817,15007
40,1750,1755,3505,1628,5133,1631,6764,1974,7107,1411,8518,1744,10262,1819,12081,2120,14201,573,809,15010
32,1833,1589,3422,1648,5070,1733,6803,2092,7162,1425,8587,1819,10406,1899,12305,1898,14203,573,808,15011
32,1322,1395,2717,1522,4239,1728,5967,2087,6326,1481,7807,2012,9819,2324,12143,2117,14260,573,760,15020
38,1374,1420,2794,1470,4264,1576,5840,1913,6177,1271,7448,1687,9135,2288,11423,2696,14119,574,917,15036
38,1616,1588,3204,1591,4795,1628,6423,1986,6781,1411,8192,1892,10084,2223,12307,1930,14237,574,804,15041
37,1305,1402,2707,1550,4257,1666,5923,2017,6274,1585,7859,1914,9773,2125,11898,2191,14089,574,953,15042
31,1716,1568,3284,1599,4883,1694,6577,2064,6947,1402,8349,1959,10308,1961,12269,1962,14231,574,812,15043
30,1663,1579,3242,1562,4804,1618,6422,1969,6773,1364,8137,1878,10015,2093,12108,2088,14196,575,857,15053
36,1412,1437,2849,1501,4350,1773,6123,2132,6482,1458,7940,2144,10084,2057,12141,2061,14202,575,853,15055
39,1831,1804,3635,1736,5371,1694,7065,2055,7426,1364,8790,1912,10702,1794,12496,1788,14284,575,773,15057
32,1523,1537,3060,1571,4631,1623,6254,1979,6610,1338,7948,1828,9776,2056,11832,2345,14177,575,883,15060
35,1393,1444,2837,1481,4318,1536,5854,1880,6198,1297,7495,1952,9447,2156,11603,2409,14012,575,1051,15063
35,1828,1702,3530,1611,5141,1678,6819,2055,7196,1432,8628,1879,10507,1864,12371,1868,14239,575,830,15069
31,1579,1568,3147,1604,4751,1680,6431,2034,6785,1453,8238,1875,10113,2121,12234,2010,14244,575,826,15070
36,1609,1535,3144,1597,4741,1685,6426,2059,6800,1420,8220,1958,10178,2028,12206,1980,14186,576,891,15077
38,1622,1565,3187,1614,4801,1694,6495,2069,6870,1412,8282,1860,10142,2097,12239,1975,14214,576,871,15085
34,1321,1295,2616,1366,3982,1542,5524,1843,5825,1370,7195,2106,9301,2821,12122,2173,14295,576,794,15089
40,1373,1336,2709,1370,4079,1625,5704,2004,6083,1412,7495,1786,9281,1946,11227,2589,13816,576,1279,15095
34,1608,1582,3190,1603,4793,1642,6435,2010,6803,1359,8162,1820,9982,2086,12068,2169,14237,576,865,15102
30,1359,1391,2750,1736,4486,1603,6089,1937,6423,1291,7714,1932,9646,2174,11820,2601,14421,577,687,15108
34,1883,1690,3573,1687,5260,1706,6966,2072,7332,1388,8720,1859,10579,1901,12480,1826,14306,577,806,15112
36,1542,1489,3031,1589,4620,1771,6391,2139,6759,1529,8288,1999,10287,1993,12280,1948,14228,577,900,15128
31,1681,1536,3217,1528,4745,1550,6295,1885,6630,1227,7857,1779,9636,2378,12014,2210,14224,578,906,15130
33,1815,1734,3549,1688,5237,1769,7006,2151,7388,1420,8808,1856,10664,1908,12572,1806,14378,578,755,15133
40,1526,2132,3658,1888,5546,1715,7261,2079,7625,1392,9017,1842,10859,1816,12675,1816,14491,578,642,15133
38,1809,1716,3525,1721,5246,1728,6974,2111,7357,1401,8758,1869,10627,1905,12532,1853,14385,578,755,15140
39,1367,1434,2801,1576,4377,1709,6086,2052,6429,1388,7817,1964,9781,2141,11922,2242,14164,578,983,15147
31,1718,1532,3250,1481,4731,1568,6299,1908,6639,1474,8113,1960,10073,2046,12119,2104,14223,579,938,15161
36,1595,1523,3118,1547,4665,1617,6282,1975,6640,1363,8003,1976,9979,2114,12093,2195,14288,579,882,15170
34,1764,1608,3372,1648,5020,1704,6724,2076,7096,1373,8469,1813,10282,1898,12180,1927,14107,579,1069,15176
40,1804,1669,3473,1650,5123,1677,6800,2044,7167,1399,8566,1837,10403,1960,12363,1955,14318,579,861,15179
30,1956,1822,3778,1718,5496,1689,7185,2039,7535,1335,8870,1728,10598,1862,12460,1916,14376,580,806,15182
34,1737,1614,3351,1600,4951,1711,6662,2095,7046,1498,8544,1936,10480,1871,12351,1961,14312,580,872,15184
40,1707,1660,3367,1684,5051,1740,6791,2137,7188,1396,8584,1946,10530,1923,12453,1903,14356,580,829,15185
40,1675,1694,3369,1737,5106,1718,6824,2087,7193,1372,8565,1840,10405,1983,12388,1979,14367,580,819,15186
35,1954,1789,3743,1722,5465,1735,7200,2109,7574,1414,8988,1826,10814,1851,12665,1789,14454,580,736,15190
31,1891,1775,3666,1754,5420,1786,7206,2149,7569,1451,9020,1795,10815,1865,12680,1774,14454,580,739,15193
38,1564,1438,3002,1639,4641,1824,6465,2200,6841,1532,8373,1946,10319,2012,12331,2018,14349,580,851,15200
36,1618,1621,3239,1655,4894,1653,6547,2004,6898,1331,8229,1726,9955,1933,11888,2065,13953,580,1248,15201
32,1551,1411,2962,1512,4474,1559,6033,1915,6389,1599,7988,2056,10044,2063,12107,2287,14394,581,818,15212
31,1387,1399,2786,1418,4204,1456,5660,1770,5974,1150,7124,1572,8696,2870,11566,2851,14417,581,800,15217
40,1605,1578,3183,1530,4713,1654,6367,1998,6711,1441,8152,1939,10091,2170,12261,2045,14306,581,915,15221
35,1797,1806,3603,1801,5404,1879,7283,2249,7653,1445,9098,1918,11016,1875,12891,1683,14574,581,655,15229
31,1447,1491,2938,1495,4433,1918,6351,2237,6670,1542,8212,2229,10441,2086,12527,1934,14461,582,786,15247
30,1249,1252,2501,1269,3770,1352,5122,1673,5443,1310,6753,1971,8724,2512,11236,3020,14256,582,995,15251
36,1869,1739,3608,1767,5375,1763,7138,2144,7519,1539,9058,1798,10856,1865,12721,1779,14500,582,752,15252
40,1390,1514,2904,1535,4439,2027,6466,2377,6816,1350,8166,1882,10048,2182,12230,2134,14364,583,897,15261
40,1742,1782,3524,1696,5220,1675,6895,2041,7261,1359,8620,1828,10448,1955,12403,2023,14426,583,838,15264
40,1256,1301,2557,1691,4248,1642,5890,1972,6220,1545,7765,2210,9975,2183,12158,2291,14449,583,824,15273
39,1644,1619,3263,1659,4922,1682,6604,2049,6971,1433,8404,1960,10364,2112,12476,1947,14423,583,851,15274
40,1544,1679,3223,1924,5147,1806,6953,2151,7298,1427,8725,1874,10599,2010,12609,1966,14575,584,715,15290
31,1815,1734,3549,1689,5238,1768,7006,2150,7388,1421,8809,1855,10664,1908,12572,1887,14459,584,833,15292
40,1244,1260,2504,1333,3837,1387,5224,1695,5532,1121,6653,1800,8453,2666,11119,3009,14128,584,1167,15295
33,1896,1720,3616,1651,5267,1615,6882,1979,7246,1377,8623,1911,10534,1866,12400,2058,14458,584,837,15295
39,1860,1676,3536,1638,5174,1699,6873,2076,7250,1376,8626,1850,10476,1920,12396,2009,14405,584,891,15296
36,1851,1898,3749,1869,5618,1906,7524,2298,7916,1495,9411,1817,11228,1682,12910,1678,14588,584,723,15311
32,1788,1693,3481,1600,5081,1627,6708,1998,7079,1424,8503,1915,10418,2043,12461,2022,14483,585,831,15314
30,1244,1347,2591,1639,4230,1800,6030,2147,6377,1496,7873,1924,9797,2563,12360,2142,14502,585,816,15318
33,1571,1522,3093,1573,4666,1636,6302,1997,6663,1576,8239,1906,10145,2175,12320,2072,14392,585,931,15323
31,1733,1738,3471,1663,5134,1682,6816,2052,7186,1496,8682,1874,10556,2006,12562,1933,14495,585,833,15328
39,1711,1688,3399,1679,5078,1752,6830,2131,7209,1467,8676,1866,10542,1943,12485,1940,14425,585,904,15329
32,1522,1551,3073,1561,4634,1664,6298,2028,6662,1515,8177,2153,10330,2342,12672,1824,14496,585,834,15330
33,1601,1707,3308,1700,5008,1784,6792,2154,7162,1430,8592,1920,10512,2030,12542,1976,14518,586,828,15346
31,1374,1410,2784,1569,4353,1832,6185,2293,6646,1507,8153,2028,10181,2243,12424,2137,14561,586,791,15352
40,1411,1455,2866,1525,4391,1662,6053,1993,6384,1440,7824,2071,9895,2163,12058,2229,14287,587,1084,15371
31,1748,1697,3445,1731,5176,1878,7054,2250,7426,1479,8905,1844,10749,1874,12623,1903,14526,587,846,15372
34,1375,1396,2771,1465,4236,1506,5742,1836,6072,1252,7324,1933,9257,2436,11693,2698,14391,587,993,15384
38,1726,1647,3373,1677,5050,1733,6783,2108,7158,1394,8552,1855,10407,1952,12359,2162,14521,588,882,15403
33,1774,1664,3438,1619,5057,1666,6723,2038,7095,1383,8478,1865,10343,1993,12336,2126,14462,588,944,15406
30,1543,1571,3114,1901,5015,1775,6790,2132,7147,1357,8504,1995,10499,2095,12594,1947,14541,588,870,15411
38,1630,1558,3188,1608,4796,1697,6493,2056,6852,1546,8398,2037,10435,2005,12440,2073,14513,588,901,15414
38,1708,1693,3401,1736,5137,1781,6918,2158,7295,1470,8765,1991,10756,1917,12673,1898,14571,588,844,15415
31,1702,1630,3332,1645,4977,1679,6656,2041,7018,1316,8334,1726,10060,1884,11944,2640,14584,589,840,15424
39,1476,1576,3052,1804,4856,1978,6834,2413,7269,1623,8892,1798,10690,1969,12659,1937,14596,589,829,15425
30,1789,1805,3594,1782,5376,1819,7195,2220,7596,1437,9033,1873,10906,1867,12773,1881,14654,589,773,15427
35,1828,1739,3567,1681,5248,1674,6922,2032,7280,1338,8618,1790,10408,1978,12386,2227,14613,589,828,15441
38,1292,1376,2668,1634,4302,1795,6097,2107,6409,1645,8054,1911,9965,2365,12330,1944,14274,590,1170,15444
38,1872,1810,3682,1824,5506,1844,7350,2244,7750,1453,9203,1878,11081,1875,12956,1746,14702,590,759,15461
37,1434,1489,2923,1577,4500,1703,6203,2061,6561,1419,7980,2062,10042,2258,12300,2210,14510,591,959,15469
30,1727,1690,3417,1658,5075,1648,6723,2008,7083,1279,8362,1689,10051,2130,12181,2359,14540,591,934,15474
40,1487,1476,2963,1494,4457,1607,6064,1937,6394,1220,7614,1818,9432,2450,11882,2550,14432,591,1046,15478
39,1763,1674,3437,1590,5027,1647,6674,2012,7039,1430,8469,1969,10438,2031,12469,2060,14529,591,954,15483
31,1444,1478,2922,1725,4647,1685,6332,2034,6681,1503,8184,1968,10152,2230,12382,2188,14570,591,914,15484
39,1445,1478,2923,1725,4648,1684,6332,2034,6682,1502,8184,1968,10152,2230,12382,2188,14570,591,915,15485
40,1654,1658,3312,1674,4986,1748,6734,2118,7104,1491,8595,1870,10465,2128,12593,2003,14596,591,891,15487
40,1475,1514,2989,1694,4683,1676,6359,2027,6710,1362,8072,2072,10144,2382,12526,2046,14572,591,918,15490
38,1641,1605,3246,1657,4903,1805,6708,2180,7083,1530,8613,1989,10602,2043,12645,2011,14656,592,848,15504
32,1622,1520,3142,1616,4758,1780,6538,2139,6897,1512,8409,2010,10419,2077,12496,2169,14665,592,845,15510
39,1908,1844,3752,1804,5556,1859,7415,2265,7821,1490,9311,1953,11264,1843,13107,1689,14796,592,722,15518
38,1756,1617,3373,1574,4947,1645,6592,2015,6962,1541,8503,2040,10543,2133,12676,2027,14703,593,822,15525
38,1890,1702,3592,1665,5257,1714,6971,2082,7339,1412,8751,1958,10709,1951,12660,1975,14635,593,891,15526
32,1872,1660,3532,1678,5210,1813,7023,2214,7424,1525,8949,1888,10837,1893,12730,1923,14653,593,873,15526
38,1286,1281,2567,1284,3851,1299,5150,1579,5430,1084,6514,5183,11697,1656,13353,1555,14908,593,623,15531
31,1837,1741,3578,1673,5251,1712,6963,2073,7324,1392,8716,1843,10559,1915,12474,2155,14629,593,902,15531
39,1833,1589,3422,1648,5070,1760,6830,2174,7244,1619,8863,1888,10751,2015,12766,1964,14730,593,810,15540
30,1374,1421,2795,1622,4417,1602,6019,1942,6359,1494,7853,2104,9957,2314,12271,2389,14660,593,888,15548
34,1369,1506,2875,1633,4508,1826,6334,2179,6687,1471,8158,2057,10215,2172,12387,2358,14745,594,804,15549
30,1877,1855,3732,1723,5455,1772,7227,2149,7604,1416,9020,1885,10905,2000,12905,1850,14755,594,797,15552
31,1805,1648,3453,1677,5130,1704,6834,2073,7203,1448,8651,1881,10532,2096,12628,2075,14703,594,855,15558
36,1301,1280,2581,1281,3862,1451,5313,1767,5629,1340,6969,2091,9060,2217,11277,3096,14373,595,1209,15582
34,2069,1835,3904,1761,5665,1730,7395,2109,7774,1415,9189,1832,11021,1966,12987,1870,14857,595,725,15582
40,1805,1784,3589,1685,5274,1680,6954,2043,7317,1374,8691,2166,10857,2003,12860,1919,14779,595,803,15582
30,1531,1527,3058,1575,4633,1871,6504,2248,6881,1716,8597,2031,10628,2070,12698,2058,14756,595,828,15584
40,1345,1346,2691,1363,4054,1465,5519,1813,5867,1301,7168,1898,9066,2083,11149,3530,14679,595,907,15586
39,1756,1679,3435,1691,5126,1739,6865,2108,7234,1436,8670,1953,10623,2115,12738,2080,14818,595,769,15587
39,1543,1528,3071,1609,4680,1822,6502,2183,6863,1517,8380,2006,10386,2178,12564,2055,14619,595,972,15591
30,1649,1597,3246,1635,4881,1713,6594,2097,6978,1494,8472,1965,10437,2129,12566,2070,14636,596,970,15606
31,1657,1646,3303,1696,4999,1694,6693,2068,7067,1385,8452,1887,10339,2188,12527,2263,14790,596,832,15622
37,1725,1630,3355,1635,4990,1678,6668,2044,7034,1491,8525,1925,10450,2065,12515,2158,14673,596,950,15623
33,1419,1467,2886,1535,4421,1573,5994,1902,6323,1462,7785,1816,9601,2634,12235,2547,14782,596,842,15624
31,1271,1273,2544,1308,3852,1489,5341,1802,5654,1310,6964,1879,8843,2465,11308,3551,14859,597,768,15627
40,1741,1615,3356,1723,5079,1836,6915,2235,7314,1621,8935,1894,10829,2026,12855,1900,14755,597,877,15632
36,1618,1583,3201,1532,4733,1650,6383,2006,6739,1440,8179,2191,10370,2242,12612,2190,14802,597,850,15652
32,1757,1626,3383,1566,4949,1667,6616,2078,7027,1469,8496,1986,10482,2235,12717,2127,14844,598,817,15661
34,1467,1481,2948,1485,4433,1546,5979,1879,6312,1244,7556,1827,9383,2148,11531,2688,14219,598,1457,15676
37,1644,1550,3194,1611,4805,1689,6494,2060,6865,1501,8366,1924,10290,2259,12549,2200,14749,598,928,15677
40,1373,1392,2765,1527,4292,1581,5873,1900,6192,1497,7689,2990,10679,1749,12428,1962,14390,598,1289,15679
39,1642,1640,3282,1675,4957,1751,6708,2132,7089,1397,8486,1892,10378,2130,12508,2180,14688,599,1001,15689
36,1820,1822,3642,1813,5455,1871,7326,2274,7729,1487,9216,1918,11134,1967,13101,1866,14967,599,722,15689
40,1840,1733,3573,1598,5171,1675,6846,2068,7239,1466,8705,2042,10747,2102,12849,1968,14817,599,885,15702
39,1819,1786,3605,1785,5390,1789,7179,2183,7573,1442,9015,1860,10875,1940,12815,2114,14929,600,778,15707
36,1359,1434,2793,1757,4550,1736,6286,2070,6620,1425,8045,2531,10576,2731,13307,1717,15024,600,692,15716
36,1737,1638,3375,1707,5082,1807,6889,2208,7290,1494,8784,2061,10845,2079,12924,1989,14913,600,803,15716
32,1514,1506,3020,1546,4566,1617,6183,1976,6542,1379,7921,2021,9942,2567,12509,2238,14747,600,973,15720
36,1573,1451,3024,1458,4482,1789,6271,2146,6628,2001,8629,2159,10788,2224,13012,1957,14969,600,755,15724
30,1752,1664,3416,1605,5021,1651,6672,2026,7047,1385,8432,1937,10369,2264,12633,2200,14833,601,900,15733
38,1769,1630,3399,1730,5129,1777,6906,2146,7275,1514,8789,1956,10745,2040,12785,2046,14831,601,904,15735
31,1574,1497,3071,1616,4687,1792,6479,2189,6876,1685,8561,2171,10732,2178,12910,2021,14931,601,812,15743
39,1567,1588,3155,1631,4786,1705,6491,2064,6850,1561,8411,2109,10520,2198,12718,2194,14912,601,832,15744
34,1430,1514,2944,1712,4656,1876,6532,2295,6951,1665,8616,2126,10742,2122,12864,2022,14886,601,861,15747
40,1689,1628,3317,1637,4954,1756,6710,2116,7070,1473,8543,1816,10359,2164,12523,2368,14891,601,857,15748
30,1825,1769,3594,1741,5335,1791,7126,2165,7500,1472,8972,1902,10874,1990,12864,1941,14805,601,943,15748
38,1634,1525,3159,1535,4694,1562,6256,1902,6596,1272,7868,1744,9612,1962,11574,3280,14854,601,897,15751
33,1833,1623,3456,1589,5045,1655,6700,2016,7061,1352,8413,1892,10305,2056,12361,2415,14776,602,982,15758
39,1396,1424,2820,1453,4273,1557,5830,1896,6169,1324,7493,1885,9378,2521,11899,2795,14694,602,1076,15770
33,1732,1707,3439,1712,5151,1728,6879,2114,7265,1461,8726,1892,10618,2093,12711,2206,14917,602,853,15770
34,1547,1543,3090,1580,4670,1625,6295,1979,6649,1362,8011,1952,9963,2200,12163,2507,14670,602,1102,15772
31,1866,1867,3733,1856,5589,1830,7419,2215,7804,1408,9212,1801,11013,1880,12893,2137,15030,603,757,15787
33,1548,1513,3061,1569,4630,1709,6339,2081,6711,1519,8230,2099,10329,2268,12597,2255,14852,603,950,15802
40,1388,1676,3064,1857,4921,1975,6896,2336,7257,1515,8772,2198,10970,2040,13010,2076,15086,604,732,15818
39,1690,1573,3263,1579,4842,1648,6490,2002,6844,1433,8277,2103,10380,2335,12715,2160,14875,604,948,15823
34,1784,1693,3477,1648,5125,1732,6857,2124,7249,1477,8726,1951,10677,2030,12707,2241,14948,604,876,15824
30,1748,1616,3364,1619,4983,1833,6816,2187,7170,1444,8614,2061,10675,2096,12771,2158,14929,604,895,15824
36,1845,1647,3492,1668,5160,1714,6874,2092,7252,1463,8715,1907,10622,2046,12668,2165,14833,604,993,15826
37,1880,1734,3614,1714,5328,1761,7089,2141,7469,1498,8967,1965,10932,2055,12987,1965,14952,604,877,15829
32,1881,1695,3576,1668,5244,1698,6942,2075,7319,1397,8716,1830,10546,2023,12569,2121,14690,604,1142,15832
40,1822,1682,3504,1670,5174,1771,6945,2151,7325,1481,8806,1884,10690,2118,12808,2230,15038,604,796,15834
39,1432,1318,2750,1320,4070,1414,5484,1723,5793,1363,7156,2465,9621,2075,11696,2552,14248,605,1590,15838
31,1677,1613,3290,1640,4930,1647,6577,2004,6934,1293,8227,1751,9978,2112,12090,2650,14740,605,1101,15841
30,1734,1661,3395,1651,5046,1711,6757,2115,7161,1554,8715,1940,10655,2152,12807,2137,14944,605,897,15841
39,1808,1630,3438,1598,5036,1593,6629,1945,6981,1351,8332,2008,10340,2282,12622,2297,14919,606,964,15883
36,1708,1698,3406,1655,5061,1665,6726,2034,7095,1376,8471,1945,10416,2490,12906,2121,15027,607,884,15911
35,1851,1707,3558,1725,5283,1758,7041,2217,7500,1501,9001,1976,10977,2045,13022,2010,15032,608,890,15922
36,1851,1707,3558,1725,5283,1757,7040,2217,7500,1501,9001,1976,10977,2045,13022,2010,15032,608,890,15922
36,1725,1725,3450,1751,5201,1827,7028,2235,7436,1551,8987,1980,10967,2034,13001,2042,15043,608,881,15924
37,1958,1941,3899,1806,5705,1938,7643,2324,8029,1458,9487,1850,11337,1935,13272,1865,15137,608,790,15927
33,1493,1313,2806,1412,4218,1520,5738,1983,6201,1713,7914,2559,10473,2664,13137,2052,15189,608,740,15929
36,1288,1323,2611,1371,3982,1830,5812,2120,6102,1300,7402,1610,9012,3626,12638,2488,15126,608,805,15931
37,1273,1327,2600,1386,3986,4186,8172,4518,8504,1068,9572,1561,11133,1848,12981,2118,15099,608,833,15932
38,1385,1513,2898,1804,4702,1713,6415,2100,6802,1795,8597,2425,11022,2163,13185,1902,15087,609,854,15941
39,1505,1502,3007,1525,4532,2089,6621,2456,6988,1718,8706,2025,10731,2176,12907,2087,14994,609,949,15943
40,1489,1532,3021,1549,4570,1632,6202,1994,6564,1460,8024,1989,10013,2423,12436,2501,14937,609,1008,15945
37,1359,1406,2765,1642,4407,1800,6207,2154,6561,1617,8178,2307,10485,2243,12728,2350,15078,609,881,15959
30,1888,1725,3613,1675,5288,1729,7017,2102,7390,1408,8798,1897,10695,2204,12899,2148,15047,609,917,15964
34,1889,1711,3600,1673,5273,1746,7019,2116,7389,1499,8888,2078,10966,2081,13047,2001,15048,609,917,15965
35,1702,1672,3374,1701,5075,1773,6848,2150,7225,1717,8942,1910,10852,2266,13118,2073,15191,609,776,15967
35,1599,1525,3124,1588,4712,1673,6385,2033,6745,1418,8163,2268,10431,2247,12678,2361,15039,610,943,15982
38,1695,1734,3429,1661,5090,1875,6965,2304,7394,1649,9043,2055,11098,2121,13219,1982,15201,610,786,15987
38,1605,1599,3204,1722,4926,1729,6655,2087,7013,1419,8432,2034,10466,2272,12738,2292,15030,611,974,16004
31,1655,1642,3297,1654,4951,1696,6647,2064,7015,1365,8380,1933,10313,2464,12777,2489,15266,611,747,16013
36,1952,1871,3823,1778,5601,1776,7377,2155,7756,1430,9186,1866,11052,1934,12986,2179,15165,612,867,16032
39,1697,1610,3307,1632,4939,1770,6709,2162,7101,1672,8773,2162,10935,2168,13103,2032,15135,612,905,16040
36,1716,1568,3284,1637,4921,1841,6762,2241,7162,1833,8995,2062,11057,2039,13096,2106,15202,612,841,16043
31,1614,1534,3148,1624,4772,1654,6426,2019,6791,1520,8311,2074,10385,2319,12704,2380,15084,612,961,16045
36,1647,1783,3430,1865,5295,1928,7223,2325,7620,1491,9111,1996,11107,2060,13167,1967,15134,612,912,16046
31,1822,1788,3610,1869,5479,1939,7418,2309,7788,1483,9271,1908,11179,1908,13087,2048,15135,613,912,16047
31,1822,1789,3611,1868,5479,1940,7419,2309,7788,1483,9271,1908,11179,1909,13088,2048,15136,613,911,16047
31,1738,1770,3508,1759,5267,1798,7065,2153,7420,1449,8869,1955,10824,2174,12998,2286,15284,613,765,16049
37,1422,1394,2816,1473,4289,1621,5910,2017,6306,1622,7928,2385,10313,2572,12885,2236,15121,613,930,16051
38,1893,1798,3691,1761,5452,1788,7240,2192,7644,1509,9153,2012,11165,1991,13156,2032,15188,613,863,16051
34,1290,1406,2696,1458,4154,1946,6100,2304,6458,1548,8006,2315,10321,2466,12787,2165,14952,613,1099,16051
40,1855,1829,3684,1753,5437,1977,7414,2363,7800,1496,9296,1943,11239,1972,13211,1997,15208,613,845,16053
39,1914,1806,3720,1826,5546,1849,7395,2258,7804,1484,9288,1966,11254,2044,13298,1952,15250,613,818,16068
35,1487,1484,2971,1565,4536,1736,6272,2106,6642,1716,8358,2322,10680,2238,12918,2202,15120,614,953,16073
34,1782,1701,3483,1675,5158,1707,6865,2086,7244,1526,8770,2233,11003,2143,13146,2102,15248,614,828,16076
35,1737,1580,3317,1598,4915,1706,6621,2075,6990,1430,8420,2036,10456,2260,12716,2330,15046,614,1032,16078
38,1650,1642,3292,1666,4958,1760,6718,2151,7109,1826,8935,2130,11065,2019,13084,2131,15215,614,869,16084
37,1557,1484,3041,1733,4774,1964,6738,2375,7149,1608,8757,2175,10932,2135,13067,2155,15222,614,864,16086
35,1407,1345,2752,1502,4254,1681,5935,2043,6297,1381,7678,1999,9677,2653,12330,2952,15282,614,814,16096
31,1746,1691,3437,1709,5146,1806,6952,2206,7352,1602,8954,2056,11010,2025,13035,2087,15122,615,979,16101
33,1660,1637,3297,1675,4972,1728,6700,2120,7092,1638,8730,2069,10799,2237,13036,2144,15180,615,934,16114
38,1850,1820,3670,1859,5529,1958,7487,2364,7893,1530,9423,2002,11425,2008,13433,1910,15343,615,772,16115
32,1785,1845,3630,1762,5392,1871,7263,2272,7664,1528,9192,1976,11168,2044,13212,2021,15233,615,886,16119
32,1805,1821,3626,1825,5451,1894,7345,2289,7740,1537,9277,2103,11380,2070,13450,2007,15457,615,662,16119
34,1962,2001,3963,1865,5828,1845,7673,2238,8066,1513,9579,1951,11530,1916,13446,1844,15290,615,830,16120
39,1841,1816,3657,1772,5429,1796,7225,2190,7619,1472,9091,2013,11104,2223,13327,1921,15248,615,872,16120
40,1650,1678,3328,1677,5005,1697,6702,2058,7063,1356,8419,1949,10368,2624,12992,2155,15147,616,979,16126
31,1712,1688,3400,1704,5104,1799,6903,2175,7279,1569,8848,2022,10870,2233,13103,2174,15277,616,852,16129
40,1876,1845,3721,1809,5530,1861,7391,2258,7788,1473,9261,1937,11198,2056,13254,2010,15264,616,869,16133
38,1698,1668,3366,1721,5087,1806,6893,2216,7303,1514,8817,1952,10769,2211,12980,2228,15208,616,929,16137
32,1868,1832,3700,1784,5484,1742,7226,2141,7625,1536,9161,1997,11158,2048,13206,2065,15271,616,872,16143
39,1631,1566,3197,1649,4846,1864,6710,2252,7098,1500,8598,1870,10468,2128,12596,2442,15038,617,1120,16158
39,1904,1770,3674,1705,5379,1715,7094,2096,7475,1507,8982,1975,10957,2201,13158,2153,15311,617,854,16165
35,1642,1506,3148,1534,4682,1606,6288,1959,6641,1574,8215,2210,10425,2444,12869,2407,15276,617,890,16166
35,1830,1675,3505,1682,5187,1707,6894,2074,7261,1512,8773,2024,10797,2252,13049,2222,15271,617,896,16167
35,1724,1732,3456,1741,5197,1837,7034,2231,7428,1605,9033,2058,11091,2149,13240,2053,15293,618,885,16178
35,1607,1712,3319,1765,5084,1750,6834,2144,7228,1477,8705,2138,10843,2273,13116,2100,15216,618,980,16196
31,1863,1777,3640,1726,5366,1850,7216,2230,7596,1535,9131,1966,11097,2137,13234,2078,15312,618,889,16201
32,1876,1848,3724,1792,5516,1788,7304,2181,7697,1419,9116,1970,11086,2088,13174,2059,15233,619,973,16206
38,1649,1612,3261,1661,4922,1777,6699,2171,7093,1554,8647,2125,10772,2216,12988,2240,15228,619,979,16207
30,1819,1839,3658,1818,5476,1870,7346,2278,7754,1510,9264,1968,11232,2091,13323,2055,15378,619,838,16216
38,1891,1687,3578,1699,5277,1810,7087,2201,7478,1503,8981,2004,10985,2138,13123,2179,15302,619,923,16225
40,1890,1828,3718,1750,5468,1767,7235,2170,7638,1765,9403,2000,11403,2019,13422,1948,15370,620,879,16249
34,1802,1578,3380,1509,4889,1700,6589,2064,6953,1404,8357,1943,10300,2705,13005,2429,15434,621,825,16259
34,1564,1657,3221,1713,4934,1904,6838,2324,7258,1649,8907,2239,11146,2120,13266,2107,15373,621,888,16261
30,1785,1726,3511,1707,5218,1734,6952,2116,7334,1436,8770,1885,10655,2293,12948,2471,15419,621,848,16267
32,1355,1431,2786,1650,4436,1642,6078,1988,6424,1630,8054,1799,9853,2650,12503,2796,15299,621,981,16280
31,1649,1485,3134,1494,4628,1559,6187,1904,6532,1300,7832,1931,9763,2760,12523,2774,15297,622,989,16286
30,1796,1725,3521,1675,5196,1689,6885,2046,7242,1365,8607,1791,10398,2102,12500,2679,15179,622,1110,16289
37,1779,1705,3484,1645,5129,1728,6857,2111,7240,1733,8973,2072,11045,2127,13172,2122,15294,622,995,16289
35,1779,1705,3484,1645,5129,1727,6856,2110,7239,1733,8972,2073,11045,2127,13172,2122,15294,622,996,16290
34,1802,1646,3448,1720,5168,1743,6911,2125,7293,1532,8825,2095,10920,2251,13171,2224,15395,622,904,16299
35,1631,1684,3315,1734,5049,1887,6936,2283,7332,1781,9113,2070,11183,2115,13298,2153,15451,623,863,16314
30,1652,1596,3248,1614,4862,1683,6545,2059,6921,1819,8740,2188,10928,2234,13162,2224,15386,623,933,16319
38,1163,1351,2514,1494,4008,1925,5933,2483,6491,1899,8390,2323,10713,2434,13147,2293,15440,623,882,16322
39,1673,1400,3073,1434,4507,1531,6038,1875,6382,1288,7670,1820,9490,2200,11690,3257,14947,623,1378,16325
37,1694,1548,3242,1647,4889,1672,6561,2052,6941,1542,8483,2335,10818,2314,13132,2357,15489,623,843,16332
32,1895,1730,3625,1703,5328,1785,7113,2179,7507,1632,9139,2038,11177,2126,13303,2137,15440,624,912,16352
40,1798,1857,3655,1853,5508,1980,7488,2398,7906,1536,9442,2022,11464,2148,13612,1883,15495,624,863,16358
40,1438,1513,2951,1559,4510,1773,6283,2139,6649,1818,8467,2462,10929,2256,13185,2265,15450,624,909,16359
34,1245,1284,2529,1316,3845,1382,5227,1682,5527,1150,6677,1604,8281,2154,10435,4525,14960,625,1426,16386
37,1753,1648,3401,1609,5010,1764,6774,2174,7184,1643,8827,2339,11166,2069,13235,2201,15436,625,950,16386
33,1917,1768,3685,1756,5441,1767,7208,2148,7589,1432,9021,1907,10928,2117,13045,2376,15421,626,966,16387
34,1904,1885,3789,1894,5683,1970,7653,2393,8076,1562,9638,1953,11591,1889,13480,2017,15497,626,891,16388
40,2013,1923,3936,1835,5771,1918,7689,2332,8103,1552,9655,2005,11660,1971,13631,1959,15590,626,800,16390
32,1781,1681,3462,1744,5206,1814,7020,2218,7424,1522,8946,2151,11097,2351,13448,2031,15479,626,920,16399
32,1909,1832,3741,1739,5480,1762,7242,2152,7632,1412,9044,1894,10938,2565,13503,2026,15529,626,880,16409
37,1693,1547,3240,1610,4850,1781,6631,2158,7008,1764,8772,2267,11039,2207,13246,2251,15497,627,917,16414
40,1610,1642,3252,1664,4916,1823,6739,2193,7109,1529,8638,2227,10865,2338,13203,2336,15539,627,875,16414
36,1706,1681,3387,1683,5070,1775,6845,2156,7226,1451,8677,2128,10805,2385,13190,2289,15479,627,938,16417
30,1764,1615,3379,1601,4980,1665,6645,2048,7028,1538,8566,2012,10578,2141,12719,2513,15232,627,1191,16423
33,1729,1733,3462,1724,5186,1877,7063,2304,7490,1612,9102,2165,11267,2162,13429,2116,15545,627,880,16425
32,1990,1878,3868,1861,5729,1880,7609,2297,8026,1492,9518,2003,11521,2043,13564,2009,15573,627,852,16425
36,1833,1699,3532,1689,5221,1856,7077,2244,7465,1559,9024,2170,11194,2257,13451,2072,15523,627,903,16426
39,1877,1797,3674,1784,5458,1853,7311,2257,7715,1511,9226,2014,11240,2165,13405,2130,15535,627,897,16432
35,1910,1856,3766,1879,5645,1873,7518,2285,7930,1481,9411,1981,11392,2063,13455,2094,15549,627,889,16438
32,1620,1604,3224,1710,4934,1907,6841,2367,7301,1788,9089,2125,11214,2297,13511,2071,15582,628,861,16443
38,1911,1796,3707,1800,5507,1849,7356,2273,7780,1525,9305,2030,11335,2193,13528,2100,15628,628,825,16453
32,1917,1878,3795,1902,5697,1922,7619,2330,8027,1504,9531,1972,11503,2097,13600,2009,15609,628,852,16461
34,1989,1899,3888,1869,5757,1925,7682,2336,8093,1509,9602,1969,11571,2020,13591,2062,15653,629,829,16482
35,1804,1631,3435,1657,5092,1713,6805,2137,7229,1835,9064,2130,11194,2241,13435,2148,15583,629,908,16491
39,1818,1787,3605,1785,5390,1950,7340,2335,7725,1569,9294,2046,11340,2167,13507,2101,15608,630,884,16492
38,1819,1786,3605,1785,5390,1951,7341,2336,7726,1568,9294,2046,11340,2168,13508,2100,15608,630,885,16493
31,1801,1836,3637,1768,5405,1751,7156,2135,7540,1430,8970,1973,10943,2289,13232,2355,15587,630,906,16493
39,1820,1796,3616,1778,5394,1900,7294,2298,7692,1609,9301,2095,11396,2085,13481,2149,15630,630,865,16495
34,1976,1873,3849,1857,5706,1828,7534,2225,7931,1469,9400,1985,11385,2186,13571,2103,15674,630,822,16496
36,1826,1808,3634,1771,5405,1842,7247,2245,7650,1493,9143,2086,11229,2245,13474,2052,15526,630,977,16503
36,1917,1805,3722,1847,5569,1864,7433,2227,7796,1433,9229,2040,11269,2076,13345,2190,15535,630,977,16512
37,1896,1857,3753,1843,5596,1902,7498,2302,7898,1488,9386,1992,11378,2028,13406,2171,15577,630,936,16513
39,1758,1724,3482,1722,5204,1787,6991,2186,7390,1655,9045,2232,11277,2253,13530,2088,15618,632,934,16552
37,1660,1524,3184,1576,4760,1867,6627,2289,7049,1870,8919,2383,11302,2171,13473,2229,15702,632,851,16553
35,1881,1820,3701,1773,5474,1777,7251,2165,7639,1430,9069,2053,11122,2162,13284,2254,15538,632,1017,16555
32,1761,1701,3462,1798,5260,2049,7309,2461,7721,1707,9428,2080,11508,2060,13568,2063,15631,632,924,16555
33,1764,1613,3377,1573,4950,1606,6556,1969,6919,1466,8385,2154,10539,2386,12925,2655,15580,632,984,16564
30,1765,1605,3370,1662,5032,1742,6774,2129,7161,1505,8666,2070,10736,2487,13223,2372,15595,633,989,16584
38,1999,1920,3919,1845,5764,1929,7693,2346,8110,1555,9665,2042,11707,2037,13744,2084,15828,633,764,16592
39,1744,1652,3396,1674,5070,1934,7004,2312,7382,1659,9041,2359,11400,2186,13586,1929,15515,633,1078,16593
31,1375,1568,2943,1683,4626,2261,6887,2605,7231,1352,8583,2488,11071,1929,13000,2740,15740,633,856,16596
30,1274,1276,2550,1284,3834,1355,5189,Err:520,Err:520,Err:520,6592,1587,8179,2858,11037,4075,15112,634,1487,16599
37,1916,1783,3699,1752,5451,1759,7210,2157,7608,1476,9084,1965,11049,2232,13281,2345,15626,634,977,16603
31,1867,1756,3623,1798,5421,1884,7305,2277,7698,1581,9279,1990,11269,2118,13387,2320,15707,634,912,16619
32,1931,1877,3808,1868,5676,1908,7584,2325,8001,1514,9515,2014,11529,2117,13646,2063,15709,634,913,16622
34,1851,1776,3627,1763,5390,2051,7441,2447,7837,1713,9550,2067,11617,2113,13730,2015,15745,635,886,16631
37,1852,1777,3629,1761,5390,2053,7443,2447,7837,1713,9550,2068,11618,2119,13737,2032,15769,635,862,16631
33,1697,1542,3239,1593,4832,1813,6645,2213,7045,1529,8574,2095,10669,2392,13061,2510,15571,635,1069,16640
35,1723,1593,3316,1587,4903,1794,6697,2206,7109,1625,8734,2230,10964,2367,13331,2341,15672,635,970,16642
32,1956,1822,3778,1719,5497,1788,7285,2190,7687,1538,9225,2114,11339,2163,13502,2288,15790,635,853,16643
30,1162,1168,2330,1191,3521,4756,8277,5069,8590,1279,9869,1978,11847,1530,13377,2433,15810,635,838,16648
36,1717,1734,3451,1821,5272,1986,7258,2404,7676,1630,9306,2126,11432,2228,13660,2098,15758,635,891,16649
39,1701,1670,3371,1765,5136,1929,7065,2375,7511,1691,9202,2272,11474,2187,13661,2117,15778,636,871,16649
32,1962,1838,3800,1828,5628,1867,7495,2269,7897,1555,9452,2083,11535,2262,13797,2126,15923,636,735,16658
34,1993,1952,3945,1928,5873,1944,7817,2369,8242,1566,9808,1982,11790,1979,13769,2042,15811,636,853,16664
35,1329,1398,2727,1414,4141,4375,8516,5385,9526,1431,10957,1628,12585,1701,14286,1669,15955,636,712,16667
40,1777,1820,3597,1926,5523,1961,7484,2391,7914,1614,9528,2134,11662,2120,13782,2034,15816,636,852,16668
32,1997,1905,3902,1895,5797,1891,7688,2314,8111,1509,9620,2011,11631,2140,13771,2016,15787,636,887,16674
31,1651,1774,3425,1860,5285,1955,7240,2345,7630,1561,9191,2258,11449,2230,13679,2167,15846,637,854,16700
33,1902,1832,3734,1877,5611,1969,7580,2390,8001,1561,9562,2061,11623,2210,13833,2006,15839,638,875,16714
39,1846,1620,3466,1664,5130,2133,7263,2591,7721,1680,9401,2068,11469,2300,13769,2097,15866,638,854,16720
34,1391,1497,2888,1518,4406,1646,6052,1976,6382,1582,7964,2625,10589,2731,13320,2553,15873,638,849,16722
40,1423,1434,2857,1498,4355,1553,5908,1889,6244,1284,7528,2062,9590,2674,12264,3103,15367,638,1358,16725
39,1697,1639,3336,1788,5124,2065,7189,2500,7624,1780,9404,2098,11502,2335,13837,2029,15866,639,869,16735
40,1900,1920,3820,1874,5694,1920,7614,2345,8039,1571,9610,2061,11671,2196,13867,2006,15873,639,873,16746
37,1849,Err:520,Err:520,Err:520,5618,1908,7526,2299,7917,1496,9413,2081,11494,2189,13683,2176,15859,640,906,16765
33,1687,1735,3422,1759,5181,1824,7005,2218,7399,1542,8941,2148,11089,2308,13397,2351,15748,641,1035,16783
31,1953,1953,3906,1972,5878,2031,7909,2453,8331,1705,10036,1907,11943,2008,13951,1986,15937,641,847,16784
40,1892,1861,3753,1799,5552,1968,7520,2402,7954,1609,9563,2118,11681,2136,13817,2056,15873,641,914,16787
39,1846,1851,3697,1878,5575,1990,7565,2424,7999,1621,9620,2131,11751,2098,13849,2044,15893,641,896,16789
33,1742,1594,3336,1664,5000,1887,6887,2328,7328,1793,9121,2197,11318,2256,13574,2251,15825,641,965,16790
40,1748,1842,3590,1954,5544,2005,7549,2437,7981,1566,9547,2201,11748,2193,13941,1983,15924,642,885,16809
31,1419,1555,2974,1781,4755,1897,6652,2294,7049,1684,8733,2430,11163,2364,13527,2330,15857,642,953,16810
40,1970,1931,3901,1930,5831,1918,7749,2335,8166,1606,9772,2113,11885,2182,14067,1906,15973,642,839,16812
34,1988,1779,3767,1791,5558,1884,7442,2282,7840,1729,9569,2017,11586,2260,13846,2056,15902,642,912,16814
39,1996,1881,3877,1826,5703,1958,7661,2377,8080,1584,9664,2084,11748,2088,13836,2074,15910,642,915,16825
36,1868,1828,3696,1832,5528,1911,7439,2334,7862,1596,9458,2090,11548,2195,13743,2168,15911,642,921,16832
31,2051,1852,3903,1844,5747,1963,7710,2375,8122,1515,9637,2015,11652,2117,13769,2190,15959,643,874,16833
31,2144,1969,4113,1929,6042,1916,7958,2334,8376,1565,9941,1997,11938,2039,13977,2021,15998,643,839,16837
34,1819,1769,3588,1871,5459,1946,7405,2374,7833,1635,9468,2121,11589,2207,13796,2134,15930,643,912,16842
38,1847,1884,3731,1862,5593,1926,7519,2346,7939,1543,9482,2053,11535,2142,13677,2152,15829,644,1041,16870
33,1586,1522,3108,1698,4806,1962,6768,2388,7194,1616,8810,2755,11565,2229,13794,2224,16018,645,872,16890
39,1797,1693,3490,1646,5136,1689,6825,2070,7206,1418,8624,2078,10702,2296,12998,2560,15558,645,1337,16895
40,1690,1652,3342,1667,5009,1728,6737,2118,7127,1606,8733,2099,10832,2600,13432,2411,15843,645,1053,16896
35,1776,1774,3550,1738,5288,1765,7053,2115,7403,1418,8821,1797,10618,1809,12427,1756,14183,645,2720,16903
39,1651,1663,3314,1693,5007,1800,6807,2205,7212,1633,8845,2327,11172,2329,13501,2422,15923,645,980,16903
32,1737,1672,3409,1647,5056,1764,6820,2166,7222,1502,8724,2335,11059,2459,13518,2361,15879,645,1031,16910
35,1615,1605,3220,1764,4984,1704,6688,2071,7055,1435,8490,2004,10494,2328,12822,3008,15830,646,1091,16921
40,1883,1816,3699,1812,5511,2057,7568,2495,8006,1688,9694,2000,11694,2148,13842,2192,16034,646,896,16930
38,1650,1730,3380,1750,5130,1885,7015,2301,7431,1752,9183,2200,11383,2312,13695,2250,15945,646,987,16932
33,1899,1900,3799,1932,5731,1990,7721,2407,8138,1732,9870,2095,11965,2071,14036,2061,16097,647,842,16939
33,1815,1732,3547,1691,5238,1915,7153,2392,7630,1751,9381,2258,11639,2526,14165,1916,16081,647,868,16949
35,1394,1466,2860,2057,4917,1982,6899,2437,7354,1550,8904,2358,11262,2501,13763,2279,16042,647,912,16954
39,1783,1752,3535,1733,5268,1917,7185,2337,7605,1684,9289,2338,11627,2302,13929,2183,16112,648,862,16974
35,1865,1808,3673,1828,5501,2022,7523,2431,7932,1653,9585,2082,11667,2292,13959,2172,16131,649,873,17004
37,1777,1754,3531,1763,5294,1934,7228,2332,7626,1570,9196,2162,11358,2319,13677,2325,16002,649,1012,17014
32,1765,1651,3416,1778,5194,1916,7110,2355,7549,1656,9205,2154,11359,2223,13582,2429,16011,649,1004,17015
36,2078,2010,4088,1978,6066,1965,8031,2395,8461,1550,10011,2017,12028,2010,14038,2025,16063,650,957,17020
36,1869,1753,3622,1722,5344,1899,7243,2331,7675,1552,9227,2061,11288,2359,13647,2429,16076,650,955,17031
32,1849,1924,3773,1847,5620,1906,7526,2308,7928,1588,9516,2141,11657,2202,13859,2226,16085,650,956,17041
34,1945,1990,3935,1961,5896,2017,7913,2434,8330,1597,9927,2044,11971,2076,14047,2105,16152,651,902,17054
32,1794,1668,3462,1801,5263,1981,7244,2425,7688,1739,9427,2182,11609,2169,13778,2335,16113,652,968,17081
31,1834,1816,3650,1916,5566,1965,7531,2409,7975,1682,9657,2061,11718,2201,13919,2343,16262,652,821,17083
34,1629,1666,3295,1809,5104,1797,6901,2179,7283,1968,9251,2172,11423,2357,13780,2283,16063,652,1020,17083
36,1994,2033,4027,2005,6032,2047,8079,2487,8519,1641,10160,2127,12287,2085,14372,1924,16296,653,802,17098
31,1712,1629,3341,1738,5079,1814,6893,2226,7305,1644,8949,2298,11247,2377,13624,2447,16071,653,1030,17101
33,1833,1796,3629,2014,5643,2173,7816,2650,8293,1660,9953,2087,12040,2272,14312,1881,16193,653,914,17107
32,1719,1694,3413,1800,5213,1890,7103,2287,7500,1584,9084,2378,11462,2349,13811,2328,16139,653,975,17114
37,1848,1835,3683,1790,5473,1839,7312,2246,7719,1512,9231,2090,11321,2597,13918,2311,16229,653,886,17115
38,1423,1507,2930,1537,4467,1770,6237,2162,6629,1643,8272,2549,10821,2715,13536,2543,16079,653,1040,17119
32,1796,1766,3562,1808,5370,2146,7516,2541,7911,1626,9537,2303,11840,2378,14218,2046,16264,654,861,17125
35,1528,1621,3149,1824,4973,2190,7163,2676,7649,1705,9354,2208,11562,2248,13810,2393,16203,654,927,17130
37,1284,1277,2561,1279,3840,1607,5447,1960,5800,1664,7464,1746,9210,1833,11043,4297,15340,654,1791,17131
34,2063,1830,3893,1838,5731,1968,7699,2379,8110,1584,9694,2116,11810,2318,14128,2097,16225,654,910,17135
36,1871,1874,3745,1847,5592,1915,7507,2337,7929,1665,9594,2120,11714,2246,13960,2267,16227,655,943,17170
31,1392,1681,3073,1729,4802,2500,7302,2919,7721,1912,9633,2583,12216,2112,14328,1921,16249,656,927,17176
32,1938,1974,3912,1925,5837,1899,7736,2317,8154,1628,9782,2209,11991,2190,14181,2111,16292,656,887,17179
39,1807,1773,3580,1806,5386,1973,7359,2418,7804,1808,9612,2257,11869,2364,14233,2108,16341,656,844,17185
34,1733,1674,3407,1763,5170,1927,7097,2329,7499,1726,9225,2369,11594,2255,13849,2383,16232,656,957,17189
32,1896,1701,3597,1717,5314,1847,7161,2254,7568,1582,9150,2255,11405,2390,13795,2368,16163,657,1048,17211
32,1932,1912,3844,1902,5746,1936,7682,2368,8114,1690,9804,2366,12170,2072,14242,2040,16282,657,933,17215
32,1923,1858,3781,1762,5543,1871,7414,2274,7817,1520,9337,2128,11465,2283,13748,2468,16216,657,1004,17220
39,1953,1907,3860,1910,5770,1877,7647,2287,8057,1570,9627,2076,11703,2395,14098,2259,16357,658,873,17230
38,1935,1860,3795,1806,5601,1967,7568,2401,8002,1696,9698,2152,11850,2256,14106,2169,16275,658,969,17244
36,1794,1673,3467,1658,5125,1756,6881,2148,7273,1726,8999,2219,11218,2296,13514,2577,16091,658,1159,17250
39,1759,1601,3360,1668,5028,2047,7075,2456,7484,1879,9363,2216,11579,2448,14027,2305,16332,658,919,17251
39,1603,1625,3228,1723,4951,1879,6830,2308,7259,1669,8928,2251,11179,2639,13818,2363,16181,659,1075,17256
32,1912,1896,3808,1953,5761,1952,7713,2385,8146,1567,9713,1997,11710,2113,13823,2352,16175,659,1092,17267
33,1957,1861,3818,1830,5648,1866,7514,2248,7896,1548,9444,2189,11633,2494,14127,2182,16309,660,981,17290
38,1921,1918,3839,1921,5760,2015,7775,2450,8210,1598,9808,2145,11953,2280,14233,2159,16392,660,903,17295
40,1757,1658,3415,1667,5082,1825,6907,2265,7347,1888,9235,2194,11429,2410,13839,2472,16311,660,993,17304
31,1879,1872,3751,1880,5631,2044,7675,2468,8099,1622,9721,2175,11896,2468,14364,2114,16478,661,832,17310
35,1569,1607,3176,1715,4891,1887,6778,2271,7162,1703,8865,2442,11307,2375,13682,2580,16262,661,1064,17326
35,1361,1377,2738,1602,4340,1943,6283,2361,6701,2291,8992,1849,10841,3388,14229,2245,16474,661,856,17330
35,1362,1376,2738,1607,4345,1939,6284,2358,6703,2285,8988,2974,11962,2268,14230,2245,16475,662,857,17332
37,1956,1823,3779,1718,5497,2025,7522,2412,7909,1958,9867,2275,12142,2166,14308,2099,16407,662,929,17336
40,1733,1714,3447,1874,5321,2038,7359,2459,7780,1714,9494,2201,11695,2273,13968,2373,16341,662,997,17338
33,3254,1757,5011,1747,6758,1764,8522,2115,8873,1292,10165,2060,12225,2181,14406,1984,16390,662,950,17340
37,1827,1910,3737,1925,5662,1942,7604,2355,8017,1609,9626,2281,11907,2242,14149,2174,16323,662,1022,17345
33,1681,1522,3203,1547,4750,1975,6725,2355,7105,1986,9091,2351,11442,2641,14083,2267,16350,662,1005,17355
36,1975,1966,3941,1925,5866,2099,7965,2521,8387,1661,10048,2036,12084,2309,14393,2068,16461,663,912,17373
33,1844,1823,3667,1944,5611,1974,7585,2397,8008,1742,9750,2165,11915,2214,14129,2280,16409,663,969,17378
39,1966,1893,3859,1882,5741,1932,7673,2351,8092,1580,9672,2418,12090,2165,14255,2233,16488,663,893,17381
32,1654,1748,3402,1988,5390,2165,7555,2596,7986,1779,9765,2160,11925,2345,14270,2159,16429,663,952,17381
37,1974,1947,3921,1944,5865,1947,7812,2383,8248,1577,9825,2120,11945,2221,14166,2302,16468,664,930,17398
40,1908,1881,3789,1889,5678,1920,7598,2341,8019,1600,9619,2142,11761,2403,14164,2284,16448,665,970,17418
30,1095,2301,3396,1662,5058,1779,6837,2249,7307,1961,9268,2616,11884,2520,14404,2202,16606,665,815,17421
40,1971,1905,3876,1854,5730,1948,7678,2383,8113,1572,9685,2317,12002,2255,14257,2242,16499,666,942,17441
34,2069,2046,4115,2046,6161,2053,8214,2485,8646,1586,10232,2025,12257,2116,14373,2129,16502,666,951,17453
33,1647,1671,3318,1833,5151,1951,7102,2381,7532,1871,9403,2375,11778,2377,14155,2287,16442,666,1017,17459
30,1803,1686,3489,1767,5256,1827,7083,2228,7484,1856,9340,2169,11509,2326,13835,2564,16399,666,1061,17460
31,1914,1801,3715,1806,5521,1915,7436,2321,7842,1606,9448,2230,11678,2260,13938,2579,16517,666,944,17461
37,1952,1950,3902,1968,5870,1948,7818,2382,8252,1641,9893,2115,12008,2230,14238,2367,16605,668,904,17509
37,1866,1824,3690,1845,5535,1930,7465,2344,7879,1628,9507,2205,11712,2497,14209,2358,16567,669,968,17535
40,1871,1891,3762,1911,5673,2002,7675,2431,8104,1719,9823,2295,12118,2240,14358,2172,16530,669,1008,17538
36,1742,1864,3606,2019,5625,2106,7731,2508,8133,1684,9817,2336,12153,2316,14469,2094,16563,670,980,17543
35,1693,1622,3315,1624,4939,1675,6614,2037,6976,1378,8354,1950,10304,2582,12886,3244,16130,670,1419,17549
39,1943,1981,3924,1969,5893,2025,7918,2446,8339,1863,10202,2169,12371,2207,14578,2087,16665,670,890,17555
30,1958,1942,3900,1805,5705,1939,7644,2393,8098,2005,10103,2155,12258,2397,14655,1990,16645,670,918,17563
34,1918,1805,3723,1846,5569,1922,7491,2359,7928,1727,9655,2373,12028,2251,14279,2297,16576,670,989,17565
38,1918,1805,3723,1846,5569,1922,7491,2359,7928,1727,9655,2374,12029,2249,14278,2298,16576,670,990,17566
38,1676,1671,3347,1869,5216,2071,7287,2502,7718,1841,9559,2286,11845,2487,14332,2325,16657,671,922,17579
35,1784,1639,3423,1709,5132,1993,7125,2388,7520,1709,9229,2341,11570,2650,14220,2465,16685,671,906,17591
36,1852,1833,3685,1878,5563,2070,7633,2500,8063,1818,9881,2317,12198,2219,14417,2227,16644,672,965,17609
31,1868,1862,3730,1770,5500,1844,7344,2248,7748,1598,9346,2153,11499,2549,14048,2544,16592,673,1043,17635
39,1680,1618,3298,1645,4943,1822,6765,2239,7182,1712,8894,2381,11275,2497,13772,2628,16400,673,1238,17638
33,1792,1752,3544,1905,5449,1992,7441,2441,7890,1734,9624,2436,12060,2380,14440,2303,16743,673,897,17640
37,1905,1841,3746,1913,5659,1973,7632,2396,8055,1693,9748,2189,11937,2384,14321,2320,16641,673,1000,17641
37,1885,1925,3810,1949,5759,2098,7857,2565,8324,1735,10059,2143,12202,2345,14547,2180,16727,674,928,17655
35,2041,2067,4108,2133,6241,2274,8515,2707,8948,1616,10564,2104,12668,2089,14757,2013,16770,674,887,17657
38,1691,1770,3461,1863,5324,1975,7299,2396,7720,1601,9321,2300,11621,2479,14100,2470,16570,674,1101,17671
38,1962,1977,3939,2040,5979,1988,7967,2415,8394,1629,10023,2175,12198,2297,14495,2259,16754,675,921,17675
35,1940,1782,3722,1759,5481,1738,7219,2124,7605,1549,9154,2148,11302,3673,14975,1841,16816,675,861,17677
33,1752,1711,3463,1802,5265,2095,7360,2550,7815,1890,9705,2470,12175,2361,14536,2272,16808,675,879,17687
38,1932,1806,3738,1885,5623,1992,7615,2409,8032,1584,9616,2214,11830,2423,14253,2441,16694,675,993,17687
34,2000,1949,3949,1948,5897,2055,7952,2509,8406,1694,10100,2159,12259,2237,14496,2253,16749,675,949,17698
35,1773,1825,3598,1900,5498,2006,7504,2455,7953,1704,9657,2462,12119,2292,14411,2388,16799,676,905,17704
34,1906,1883,3789,1990,5779,2025,7804,2446,8225,1710,9935,2189,12124,2091,14215,2398,16613,676,1094,17707
31,1915,1927,3842,1919,5761,2057,7818,2486,8247,1702,9949,2260,12209,2282,14491,2393,16884,676,836,17720
37,2013,1985,3998,1997,5995,2078,8073,2507,8502,1702,10204,2228,12432,2237,14669,2210,16879,676,843,17722
36,1727,1646,3373,1712,5085,2005,7090,2446,7531,1833,9364,2514,11878,2666,14544,2329,16873,676,850,17723
39,1945,1927,3872,1949,5821,2035,7856,2446,8267,1700,9967,2412,12379,2475,14854,2129,16983,677,758,17741
39,1384,1505,2889,1599,4488,1726,6214,2077,6565,1574,8139,2027,10166,2858,13024,3711,16735,678,1031,17766
35,1388,1447,2835,1514,4349,1631,5980,1997,6346,1423,7769,2218,9987,3604,13591,3414,17005,678,767,17772
34,1531,1626,3157,1786,4943,2102,7045,2574,7517,1923,9440,2411,11851,2521,14372,2416,16788,679,991,17779
30,1579,1556,3135,1671,4806,1831,6637,2245,7051,2500,9551,2312,11863,2458,14321,2503,16824,679,958,17782
37,2011,1929,3940,1872,5812,1952,7764,2380,8192,1652,9844,2187,12031,2476,14507,2244,16751,679,1046,17797
39,1905,1961,3866,1930,5796,1858,7654,2245,8041,1652,9693,2278,11971,2733,14704,2283,16987,681,842,17829
37,1855,1923,3778,2013,5791,2029,7820,2443,8234,1691,9925,2316,12241,2409,14650,2288,16938,681,895,17833
39,1900,1828,3728,1945,5673,2055,7728,2463,8136,1910,10046,2230,12276,2274,14550,2377,16927,681,909,17836
40,1894,1794,3688,1817,5505,2013,7518,2525,8030,1908,9938,2211,12149,2331,14480,2418,16898,681,952,17850
30,1999,1979,3978,1991,5969,2173,8142,2660,8629,2120,10749,2131,12880,2114,14994,2024,17018,682,844,17862
39,1700,1702,3402,1760,5162,1901,7063,2305,7467,1532,8999,2299,11298,2748,14046,2938,16984,682,896,17880
33,1914,2032,3946,2017,5963,2028,7991,2445,8408,1688,10096,2317,12413,2359,14772,2200,16972,683,927,17899
39,1810,1866,3676,1860,5536,2060,7596,2498,8034,1854,9888,2403,12291,2440,14731,2214,16945,683,959,17904
33,1750,1724,3474,1693,5167,1833,7000,2229,7396,1608,9004,2139,11143,2750,13893,3140,17033,683,872,17905
38,1866,1877,3743,1987,5730,2029,7759,2440,8170,1714,9884,2303,12187,2381,14568,2334,16902,683,1004,17906
39,1857,1758,3615,1812,5427,2040,7467,2482,7909,1869,9778,2262,12040,2574,14614,2358,16972,684,938,17910
32,1778,1676,3454,1724,5178,1926,7104,2378,7556,1927,9483,2325,11808,2536,14344,2541,16885,684,1033,17918
35,1394,1473,2867,1578,4445,1769,6214,2162,6607,1568,8175,2229,10404,3047,13451,3349,16800,684,1128,17928
35,1983,2036,4019,2002,6021,2209,8230,2687,8708,1718,10426,2168,12594,2209,14803,2214,17017,684,915,17932
40,1868,1931,3799,2037,5836,2186,8022,2624,8460,1728,10188,2173,12361,2344,14705,2257,16962,685,987,17949
33,1840,1696,3536,1720,5256,1885,7141,2324,7580,2057,9637,2457,12094,2752,14846,2114,16960,685,989,17949
33,2082,2027,4109,2099,6208,2154,8362,2600,8808,1682,10490,2112,12602,2389,14991,2249,17240,686,724,17964
40,1954,1959,3913,2141,6054,2194,8248,2683,8737,1728,10465,2189,12654,2205,14859,2207,17066,686,901,17967
34,1749,1680,3429,1720,5149,1984,7133,2375,7524,1570,9094,2692,11786,2775,14561,2521,17082,686,889,17971
30,1986,1859,3845,1916,5761,2077,7838,2547,8308,1745,10053,2354,12407,2354,14761,2264,17025,686,947,17972
30,1413,1615,3028,2012,5040,1771,6811,2146,7186,2209,9395,2607,12002,2555,14557,2660,17217,686,757,17974
33,1892,1831,3723,1876,5599,1933,7532,2353,7952,1795,9747,2472,12219,2498,14717,2409,17126,686,856,17982
35,1975,2130,4105,2091,6196,2146,8342,2571,8767,1634,10401,2131,12532,2347,14879,2166,17045,687,942,17987
30,1847,1770,3617,1809,5426,1892,7318,2318,7744,1713,9457,2413,11870,2536,14406,2475,16881,687,1114,17995
34,1921,1993,3914,1918,5832,2068,7900,2498,8330,1657,9987,2547,12534,2306,14840,2190,17030,687,967,17997
40,1928,1940,3868,1985,5853,2085,7938,2538,8391,1632,10023,2222,12245,2518,14763,2250,17013,687,997,18010
30,1810,1760,3570,1907,5477,2341,7818,2786,8263,1739,10002,2156,12158,2431,14589,2249,16838,687,1174,18012
34,1558,1469,3027,1467,4494,1640,6134,1982,6476,1492,7968,2079,10047,3161,13208,3869,17077,688,953,18030
32,1301,1490,2791,1826,4617,1780,6397,2153,6770,1809,8579,2641,11220,3537,14757,2507,17264,689,789,18053
32,1986,1978,3964,1975,5939,2062,8001,2486,8425,1849,10274,2313,12587,2393,14980,2200,17180,689,883,18063
30,2011,1930,3941,1862,5803,1967,7770,2403,8206,1770,9976,2307,12283,2576,14859,2246,17105,690,973,18078
36,1760,1733,3493,1841,5334,2093,7427,2567,7901,1881,9782,2319,12101,2396,14497,2581,17078,691,1018,18096
34,1686,1888,3574,2141,5715,2341,8056,2757,8472,1881,10353,2389,12742,2093,14835,2276,17111,691,987,18098
35,1918,2137,4055,1976,6031,2103,8134,2525,8556,1812,10368,2298,12666,2324,14990,2194,17184,691,916,18100
33,1840,1909,3749,1775,5524,1956,7480,2327,7851,1704,9555,2455,12010,2498,14508,2493,17001,691,1106,18107
40,1997,1889,3886,1886,5772,2050,7822,2478,8250,1761,10011,2264,12275,2322,14597,2541,17138,692,990,18128
34,1563,1300,2863,1308,4171,1356,5527,1654,5825,1108,6933,1580,8513,1731,10244,6663,16907,692,1229,18136
38,1950,2004,3954,1965,5919,2058,7977,2494,8413,1831,10244,2358,12602,2424,15026,2276,17302,692,835,18137
40,1736,1693,3429,1687,5116,1814,6930,2206,7322,1573,8895,2314,11209,2772,13981,2997,16978,693,1167,18145
32,1763,1753,3516,1864,5380,2226,7606,2644,8024,2107,10131,2231,12362,2239,14601,2703,17304,693,851,18155
36,1794,1741,3535,1965,5500,2158,7658,2603,8103,1771,9874,2460,12334,2407,14741,2399,17140,693,1018,18158
38,1900,1806,3706,1871,5577,2074,7651,2494,8071,1882,9953,2279,12232,2406,14638,2470,17108,694,1064,18172
37,1861,1930,3791,2053,5844,2245,8089,2685,8529,1749,10278,2167,12445,2441,14886,2297,17183,694,989,18172
39,2121,1989,4110,2111,6221,2254,8475,2728,8949,1749,10698,2272,12970,2284,15254,2059,17313,694,871,18184
32,2048,1951,3999,1893,5892,2094,7986,2516,8408,1686,10094,2276,12370,2436,14806,2312,17118,694,1067,18185
33,1999,2021,4020,2044,6064,2279,8343,2711,8775,1696,10471,2168,12639,2302,14941,2321,17262,696,966,18228
37,1814,1794,3608,1900,5508,2131,7639,2626,8134,1823,9957,2477,12434,2394,14828,2391,17219,697,1037,18256
36,1610,1636,3246,1704,4950,1850,6800,2274,7224,1872,9096,2743,11839,2973,14812,2476,17288,697,978,18266
35,1955,1748,3703,1888,5591,2101,7692,2535,8126,2001,10127,2488,12615,2477,15092,2277,17369,698,920,18289
34,1791,1916,3707,2086,5793,2115,7908,2574,8367,1685,10052,2352,12404,2393,14797,2440,17237,698,1056,18293
38,2014,1975,3989,2042,6031,2376,8407,2805,8836,1735,10571,2336,12907,2350,15257,2130,17387,698,908,18295
35,2052,2231,4283,2003,6286,2042,8328,2475,8761,1908,10669,2239,12908,2175,15083,2155,17238,698,1058,18296
38,1596,1686,3282,1919,5201,2824,8025,3263,8464,1805,10269,2699,12968,2252,15220,2214,17434,699,869,18303
30,1945,1986,3931,2077,6008,2112,8120,2570,8578,1973,10551,2292,12843,2224,15067,2337,17404,699,910,18314
33,1671,1731,3402,1903,5305,2060,7365,2533,7838,1945,9783,2565,12348,2396,14744,2501,17245,699,1074,18319
30,1922,1873,3795,1952,5747,2134,7881,2550,8297,1861,10158,2476,12634,2403,15037,2314,17351,700,979,18330
34,1985,1945,3930,1960,5890,2125,8015,2571,8461,1775,10236,2294,12530,2433,14963,2367,17330,700,1008,18338
32,1809,1772,3581,1853,5434,2131,7565,2599,8033,1900,9933,2356,12289,2592,14881,2406,17287,700,1059,18346
37,1284,1252,2536,1353,3889,1413,5302,1724,5613,1386,6999,1670,8669,3223,11892,5009,16901,700,1447,18348
33,2022,1988,4010,1984,5994,2078,8072,2519,8513,1769,10282,2257,12539,2484,15023,2367,17390,700,960,18350
31,1872,1726,3598,1853,5451,2121,7572,2554,8005,2034,10039,2439,12478,2526,15004,2351,17355,701,1012,18367
33,1952,2011,3963,2100,6063,2210,8273,2658,8721,1771,10492,2272,12764,2320,15084,2360,17444,701,924,18368
31,1826,1874,3700,2001,5701,2183,7884,2648,8349,1825,10174,2338,12512,2494,15006,2393,17399,701,977,18376
31,1965,2015,3980,2065,6045,2143,8188,2582,8627,1691,10318,2255,12573,2411,14984,2394,17378,701,1001,18379
31,1965,2015,3980,2065,6045,2143,8188,2582,8627,1691,10318,2255,12573,2412,14985,2393,17378,701,1001,18379
39,1941,1980,3921,1969,5890,2017,7907,2435,8325,1631,9956,2373,12329,2479,14808,2429,17237,702,1151,18388
30,1832,1900,3732,2029,5761,2209,7970,2677,8438,1956,10394,2392,12786,2300,15086,2345,17431,703,980,18411
32,2026,2094,4120,1986,6106,2079,8185,2533,8639,1821,10460,2413,12873,2332,15205,2242,17447,703,966,18413
31,1917,1951,3868,2047,5915,2120,8035,2585,8500,1804,10304,2326,12630,2695,15325,2121,17446,703,977,18423
40,1869,1723,3592,1640,5232,1638,6870,1992,7224,1302,8526,2346,10872,2935,13807,3133,16940,703,1492,18432
32,2067,1959,4026,1978,6004,2028,8032,2449,8453,1660,10113,2342,12455,2572,15027,2507,17534,704,908,18442
37,1938,1896,3834,1894,5728,1972,7700,2412,8140,1710,9850,2749,12599,2263,14862,2508,17370,704,1086,18456
34,1871,2051,3922,1930,5852,2073,7925,2506,8358,1703,10061,2510,12571,2560,15131,2279,17410,705,1055,18465
31,1742,1861,3603,2027,5630,2226,7856,2737,8367,1981,10348,2506,12854,2483,15337,2226,17563,706,938,18501
40,1839,1799,3638,1885,5523,2157,7680,2584,8107,1889,9996,2358,12354,2633,14987,2462,17449,706,1055,18504
39,2150,1865,4015,1899,5914,2103,8017,2578,8492,1745,10237,2374,12611,2488,15099,2419,17518,707,1007,18525
33,1923,1935,3858,1950,5808,2113,7921,2568,8376,1804,10180,2493,12673,2582,15255,2364,17619,707,911,18530
40,1935,1937,3872,1875,5747,2097,7844,2578,8325,1729,10054,2400,12454,2558,15012,2514,17526,708,1012,18538
36,1842,1771,3613,1838,5451,2389,7840,2867,8318,1934,10252,2310,12562,2569,15131,2456,17587,708,976,18563
39,2039,2045,4084,2070,6154,2213,8367,2666,8820,1776,10596,2455,13051,2375,15426,2291,17717,710,885,18602
33,2139,2118,4257,2149,6406,2176,8582,2620,9026,1674,10700,2316,13016,2291,15307,2230,17537,710,1070,18607
38,1776,1832,3608,2076,5684,2366,8050,2874,8558,1866,10424,2277,12701,2531,15232,2425,17657,711,971,18628
39,2262,2156,4418,2251,6669,2254,8923,2782,9451,1756,11207,2200,13407,2172,15579,2132,17711,712,939,18650
33,1955,1985,3940,1962,5902,2149,8051,2572,8474,1654,10128,2168,12296,2715,15011,2657,17668,713,1024,18692
33,2010,1942,3952,2111,6063,2106,8169,2555,8618,1737,10355,2549,12904,2408,15312,2484,17796,714,901,18697
33,2040,2095,4135,2158,6293,2176,8469,2628,8921,1708,10629,2288,12917,2302,15219,2362,17581,714,1123,18704
37,1951,1885,3836,2119,5955,2074,8029,2520,8475,1823,10298,2370,12668,2478,15146,2398,17544,714,1165,18709
30,2023,2103,4126,1973,6099,2150,8249,2592,8691,1732,10423,2184,12607,2348,14955,2614,17569,714,1146,18715
36,1641,1620,3261,1623,4884,1679,6563,2066,6950,1740,8690,2353,11043,2744,13787,3498,17285,714,1432,18717
40,1397,1540,2937,1897,4834,2115,6949,2541,7375,2252,9627,2935,12562,3117,15679,2374,18053,715,685,18738
30,1804,1715,3519,1723,5242,2147,7389,2650,7892,2215,10107,2659,12766,2566,15332,2469,17801,715,941,18742
36,1954,2052,4006,2257,6263,2275,8538,2704,8967,1850,10817,2399,13216,2304,15520,2289,17809,716,957,18766
40,2030,2066,4096,2004,6100,2128,8228,2592,8692,1832,10524,2361,12885,2446,15331,2398,17729,717,1050,18779
38,1947,1916,3863,1915,5778,2106,7884,2552,8330,1795,10125,2423,12548,2823,15371,2448,17819,718,1005,18824
36,1645,1786,3431,1696,5127,1930,7057,2392,7519,1838,9357,2968,12325,2914,15239,2542,17781,719,1052,18833
36,2071,1979,4050,1925,5975,2210,8185,2646,8621,1780,10401,2396,12797,2669,15466,2451,17917,721,964,18881
37,2082,2085,4167,2193,6360,2061,8421,2508,8868,1720,10588,2440,13028,2500,15528,2383,17911,721,972,18883
36,2140,2161,4301,2229,6530,2112,8642,2557,9087,1719,10806,2471,13277,2191,15468,2362,17830,722,1076,18906
35,2054,2042,4096,2107,6203,2099,8302,2551,8754,1745,10499,2286,12785,2502,15287,2522,17809,723,1125,18934
31,1617,1680,3297,1837,5134,2278,7412,2783,7917,1877,9794,2735,12529,2663,15192,2617,17809,723,1141,18950
31,2055,2143,4198,1977,6175,1984,8159,2409,8584,1609,10193,2371,12564,2526,15090,2788,17878,723,1075,18953
38,1427,1442,2869,1449,4318,1550,5868,1872,6190,1279,7469,2058,9527,2641,12168,5569,17737,723,1218,18955
40,1914,1856,3770,1967,5737,2133,7870,2589,8326,1817,10143,2420,12563,2511,15074,2661,17735,724,1221,18956
34,2068,2129,4197,2138,6335,2250,8585,2730,9065,1807,10872,2343,13215,2384,15599,2324,17923,724,1047,18970
35,1974,1901,3875,1993,5868,2162,8030,2626,8494,1815,10309,2468,12777,2655,15432,2508,17940,725,1052,18992
35,1928,1940,3868,2009,5877,2221,8098,2683,8560,1900,10460,2543,13003,2550,15553,2364,17917,725,1077,18994
31,1929,1940,3869,2008,5877,2221,8098,2684,8561,1900,10461,2543,13004,2550,15554,2363,17917,725,1077,18994
33,2096,2053,4149,2101,6250,2145,8395,2597,8847,1817,10664,2376,13040,2753,15793,2235,18028,725,967,18995
40,1984,2066,4050,2085,6135,2123,8258,2614,8749,1850,10599,2293,12892,2577,15469,2417,17886,726,1147,19033
34,1861,1874,3735,2385,6120,2045,8165,2483,8603,1842,10445,2490,12935,2561,15496,2492,17988,727,1050,19038
31,1846,1859,3705,2161,5866,2117,7983,2615,8481,1842,10323,2569,12892,2633,15525,2409,17934,727,1120,19054
31,2138,2029,4167,2111,6278,2183,8461,2623,8901,2016,10917,2572,13489,2694,16183,1995,18178,727,881,19059
35,1965,2050,4015,2076,6091,2328,8419,2807,8898,1812,10710,2400,13110,2501,15611,2440,18051,728,1025,19076
39,1964,1945,3909,2061,5970,2132,8102,2580,8550,1917,10467,2401,12868,2524,15392,2578,17970,728,1113,19083
32,1833,2028,3861,2253,6114,2332,8446,2791,8905,1942,10847,2423,13270,2487,15757,2387,18144,729,952,19096
30,1780,1939,3719,1954,5673,2165,7838,2628,8301,2032,10333,3009,13342,2343,15685,2412,18097,730,1030,19127
33,1751,1721,3472,1868,5340,2078,7418,2564,7904,2100,10004,2766,12770,2677,15447,2638,18085,730,1045,19130
30,1495,1640,3135,1964,5099,2206,7305,2638,7737,2092,9829,2916,12745,2869,15614,2599,18213,730,919,19132
40,1971,2038,4009,2048,6057,2175,8232,2623,8680,1818,10498,2434,12932,2461,15393,2536,17929,731,1212,19141
39,1942,1926,3868,1969,5837,2145,7982,2625,8462,1891,10353,2562,12915,2552,15467,2595,18062,731,1082,19144
37,1894,1759,3653,1873,5526,2232,7758,2772,8298,1970,10268,2544,12812,2525,15337,2633,17970,731,1178,19148
40,1828,1988,3816,2053,5869,2205,8074,2702,8571,1832,10403,2522,12925,2538,15463,2553,18016,731,1146,19162
34,1979,1987,3966,2008,5974,2264,8238,2716,8690,1774,10464,2463,12927,2532,15459,2731,18190,732,991,19181
39,2017,1980,3997,1965,5962,2270,8232,2737,8699,2111,10810,2541,13351,2541,15892,2254,18146,733,1052,19198
38,2003,2005,4008,2033,6041,2126,8167,2592,8633,2015,10648,2493,13141,2518,15659,2509,18168,733,1038,19206
40,1983,1993,3976,2052,6028,2447,8475,2938,8966,1961,10927,2327,13254,2451,15705,2397,18102,733,1105,19207
40,1748,1706,3454,1808,5262,1968,7230,2443,7705,1822,9527,2516,12043,2958,15001,2999,18000,733,1216,19216
34,1870,1849,3719,2097,5816,2299,8115,2793,8609,1905,10514,2581,13095,2697,15792,2443,18235,734,1006,19241
33,1831,1841,3672,2006,5678,2460,8138,2904,8582,1986,10568,2679,13247,2636,15883,2430,18313,735,935,19248
35,1891,1985,3876,2065,5941,2243,8184,2709,8650,1912,10562,2466,13028,2653,15681,2571,18252,735,998,19250
35,1820,1956,3776,2002,5778,2238,8016,2750,8528,1885,10413,2574,12987,2591,15578,2522,18100,736,1174,19274
40,1835,1786,3621,1944,5565,2198,7763,2702,8267,2105,10372,2670,13042,2638,15680,2500,18180,736,1103,19283
39,1973,1983,3956,1964,5920,2162,8082,2673,8593,2043,10636,2537,13173,2451,15624,2537,18161,736,1130,19291
34,1754,1735,3489,1802,5291,2015,7306,2562,7853,2837,10690,2673,13363,2671,16034,2205,18239,737,1065,19304
38,1919,1961,3880,2005,5885,2329,8214,2812,8697,1877,10574,2518,13092,2610,15702,2523,18225,737,1085,19310
31,1777,1730,3507,1919,5426,2243,7669,2703,8129,1919,10048,2659,12707,2777,15484,2674,18158,737,1164,19322
37,1983,1941,3924,2043,5967,2289,8256,2744,8711,1758,10469,2505,12974,2625,15599,2674,18273,738,1071,19344
33,1887,1902,3789,2112,5901,2307,8208,2785,8686,1883,10569,2567,13136,2673,15809,2528,18337,739,1016,19353
37,1804,1860,3664,1962,5626,2201,7827,2685,8311,1967,10278,2755,13033,2692,15725,2612,18337,740,1041,19378
32,2066,2073,4139,2046,6185,2123,8308,2588,8773,1786,10559,2503,13062,2926,15988,2415,18403,740,984,19387
39,1705,1857,3562,1745,5307,1959,7266,2273,7580,1822,9402,3023,12425,2935,15360,2968,18328,740,1071,19399
40,2158,2018,4176,2029,6205,2392,8597,2883,9088,1792,10880,2556,13436,2540,15976,2401,18377,741,1027,19404
34,2008,1956,3964,1970,5934,2083,8017,2516,8450,1792,10242,2497,12739,2782,15521,2787,18308,742,1121,19429
38,1847,1897,3744,1998,5742,2201,7943,2648,8390,1854,10244,2523,12767,2771,15538,2743,18281,742,1151,19432
35,1782,1763,3545,1717,5262,1866,7128,2279,7541,1741,9282,3198,12480,3108,15588,2716,18304,742,1130,19434
33,1927,1940,3867,2043,5910,2169,8079,2668,8578,2011,10589,2563,13152,2776,15928,2662,18590,743,869,19459
30,1998,1949,3947,2005,5952,2246,8198,2740,8692,1936,10628,2543,13171,2705,15876,2429,18305,743,1160,19465
35,1863,2076,3939,2179,6118,2358,8476,2857,8975,1984,10959,2473,13432,2555,15987,2483,18470,743,1007,19477
40,1957,1965,3922,2197,6119,2486,8605,2996,9115,1882,10997,2452,13449,2600,16049,2481,18530,743,950,19480
38,1825,1934,3759,2081,5840,2314,8154,2861,8701,1961,10662,2582,13244,2727,15971,2566,18537,744,949,19486
32,1937,1976,3913,2089,6002,2241,8243,2719,8721,1928,10649,2659,13308,2576,15884,2604,18488,744,1004,19492
35,1853,1892,3745,2054,5799,2308,8107,2832,8631,1898,10529,2581,13110,2797,15907,2542,18449,745,1061,19510
31,1910,1851,3761,2244,6005,2306,8311,2823,8828,1991,10819,2427,13246,2774,16020,2425,18445,746,1096,19541
38,1880,1809,3689,1812,5501,1871,7372,2266,7767,1783,9550,2325,11875,2739,14614,3621,18235,746,1306,19541
35,2042,2032,4074,2042,6116,2121,8237,2603,8719,1818,10537,2617,13154,2703,15857,2603,18460,746,1092,19552
35,2080,2223,4303,2275,6578,2325,8903,2821,9399,1791,11190,2531,13721,2483,16204,2380,18584,747,991,19575
32,1607,1601,3208,1604,4812,1634,6446,1991,6803,1420,8223,2064,10287,2372,12659,5921,18580,748,1007,19587
34,2318,2362,4680,2230,6910,2365,9275,2847,9757,1862,11619,2499,14118,2432,16550,2190,18740,748,863,19603
32,1340,1351,2691,1430,4121,1601,5722,1927,6048,1363,7411,3640,11051,4555,15606,3120,18726,749,890,19616
36,2080,1977,4057,2067,6124,2692,8816,3380,9504,1780,11284,2447,13731,2647,16378,2211,18589,749,1028,19617
35,1932,1912,3844,1902,5746,1936,7682,2370,8116,1689,9805,2446,12251,3077,15328,3201,18529,749,1091,19620
30,2034,1981,4015,1995,6010,2405,8415,2943,8953,2025,10978,2623,13601,2375,15976,2531,18507,749,1115,19622
37,1775,1768,3543,1698,5241,2552,7793,3197,8438,2699,11137,3114,14251,2511,16762,2088,18850,749,779,19629
38,2254,2024,4278,2032,6310,2182,8492,2640,8950,1767,10717,2599,13316,2599,15915,2593,18508,749,1124,19632
30,1986,2152,4138,2102,6240,2391,8631,2890,9130,1970,11100,2504,13604,2588,16192,2436,18628,750,1011,19639
40,1935,1937,3872,1875,5747,2097,7844,2577,8324,1852,10176,2392,12568,2768,15336,3237,18573,753,1153,19726
36,1933,2164,4097,2111,6208,2121,8329,2524,8732,1980,10712,2646,13358,2649,16007,2670,18677,753,1056,19733
40,2015,2124,4139,2221,6360,2399,8759,2839,9199,1928,11127,2351,13478,2759,16237,2510,18747,754,1010,19757
38,1989,1931,3920,1946,5866,2106,7972,2567,8433,1909,10342,2612,12954,2762,15716,2916,18632,754,1126,19758
32,1818,2055,3873,2166,6039,2573,8612,3221,9260,1971,11231,2762,13993,2466,16459,2420,18879,756,918,19797
31,1876,1953,3829,2112,5941,2348,8289,2799,8740,2006,10746,2533,13279,2618,15897,2724,18621,756,1179,19800
36,2117,2240,4357,2232,6589,2270,8859,2776,9365,1879,11244,2451,13695,2536,16231,2493,18724,756,1081,19805
36,1996,2031,4027,2234,6261,2448,8709,2934,9195,2039,11234,2460,13694,2655,16349,2545,18894,757,944,19838
39,2147,2197,4344,2091,6435,2233,8668,2697,9132,1773,10905,2423,13328,2686,16014,2676,18690,757,1153,19843
40,2235,2243,4478,2385,6863,2380,9243,2851,9714,2035,11749,2232,13981,2522,16503,2276,18779,758,1076,19855
37,2201,2212,4413,2106,6519,2173,8692,2647,9166,1701,10867,2401,13268,2496,15764,3008,18772,758,1086,19858
35,1772,1613,3385,1549,4934,1634,6568,1993,6927,1461,8388,1910,10298,2141,12439,Err:520,Err:520,758,Err:520,19862
38,1985,2171,4156,2255,6411,2406,8817,2942,9353,1967,11320,2464,13784,2596,16380,2505,18885,759,998,19883
39,1833,1810,3643,1901,5544,2112,7656,2559,8103,1966,10069,2731,12800,2824,15624,2996,18620,764,1410,20030
40,1772,1741,3513,2013,5526,2248,7774,2758,8284,1813,10097,2586,12683,2566,15249,3384,18633,765,1418,20051
33,1713,1626,3339,1833,5172,2231,7403,2769,7941,2564,10505,2880,13385,2702,16087,2878,18965,766,1092,20057
37,2172,2197,4369,2207,6576,2509,9085,3014,9590,1824,11414,2403,13817,2727,16544,2448,18992,766,1082,20074
32,2067,1959,4026,1998,6024,2172,8196,2642,8666,1988,10654,2788,13442,2859,16301,2746,19047,766,1033,20080
35,2025,2050,4075,2077,6152,2250,8402,2724,8876,1975,10851,2578,13429,2698,16127,2815,18942,767,1148,20090
38,2146,2198,4344,2091,6435,2377,8812,2849,9284,1988,11272,2435,13707,2600,16307,2643,18950,769,1198,20148
39,2022,2029,4051,2097,6148,2372,8520,2820,8968,1910,10878,2533,13411,3078,16489,2707,19196,771,1003,20199
31,1984,2026,4010,2006,6016,2170,8186,2620,8636,1943,10579,2517,13096,2979,16075,3042,19117,772,1110,20227
32,1809,1741,3550,1814,5364,1980,7344,2500,7864,2041,9905,2721,12626,3393,16019,3191,19210,773,1047,20257
38,2000,2024,4024,2084,6108,2254,8362,2767,8875,1930,10805,2521,13326,3114,16440,2739,19179,774,1092,20271
34,2327,2346,4673,2229,6902,2309,9211,2760,9662,1862,11524,2583,14107,2610,16717,2503,19220,774,1060,20280
37,1939,1884,3823,2218,6041,2421,8462,2901,8942,1809,10751,2508,13259,2591,15850,3081,18931,774,1350,20281
33,1639,1589,3228,1652,4880,1795,6675,2204,7084,1703,8787,2073,10860,3787,14647,4347,18994,775,1303,20297
33,1708,1764,3472,1998,5470,2255,7725,2799,8269,2192,10461,3296,13757,2899,16656,2578,19234,776,1108,20342
37,2109,2044,4153,2275,6428,2388,8816,2852,9280,1955,11235,2710,13945,2652,16597,2669,19266,777,1101,20367
38,1973,1905,3878,2126,6004,2328,8332,2860,8864,1991,10855,2630,13485,2832,16317,2878,19195,777,1175,20370
30,1963,1909,3872,2143,6015,2585,8600,3016,9031,1904,10935,2602,13537,2796,16333,2890,19223,778,1160,20383
35,2102,2229,4331,2303,6634,2379,9013,2899,9533,2010,11543,2604,14147,2639,16786,2554,19340,778,1056,20396
39,1894,1961,3855,2029,5884,2244,8128,2829,8713,1960,10673,2826,13499,2882,16381,2791,19172,779,1234,20406
35,2024,2050,4074,2087,6161,2391,8552,2856,9017,1864,10881,2924,13805,3066,16871,2538,19409,781,1052,20461
32,1937,1885,3822,1992,5814,2077,7891,2508,8322,1715,10037,2456,12493,3259,15752,3379,19131,781,1338,20469
36,1930,2175,4105,2299,6404,2399,8803,2886,9290,1982,11272,2796,14068,2705,16773,2689,19462,782,1034,20496
31,1831,1844,3675,1971,5646,2325,7971,2882,8528,2040,10568,2679,13247,3064,16311,3027,19338,783,1166,20504
35,1797,2099,3896,2171,6067,2638,8705,3219,9286,1970,11256,2653,13909,2834,16743,2676,19419,785,1143,20562
39,2016,1982,3998,2041,6039,2376,8415,2893,8932,2117,11049,2755,13804,3034,16838,2645,19483,785,1092,20575
35,2189,2234,4423,2219,6642,2307,8949,2805,9447,1959,11406,2508,13914,2737,16651,2838,19489,785,1092,20581
37,2162,2234,4396,2284,6680,2440,9120,2948,9628,2001,11629,2564,14193,2647,16840,2615,19455,786,1137,20592
40,2132,2295,4427,2416,6843,2567,9410,3079,9922,1954,11876,2499,14375,2668,17043,2479,19522,788,1116,20638
31,2792,3530,6322,2333,8655,2428,11083,2760,11415,2120,13535,2110,15645,2219,17864,1928,19792,788,847,20639
36,1904,2038,3942,2152,6094,2363,8457,2875,8969,2051,11020,2820,13840,2972,16812,2730,19542,788,1117,20659
37,2235,2296,4531,2321,6852,2451,9303,2952,9804,1966,11770,2685,14455,2552,17007,2557,19564,789,1107,20671
33,2038,2129,4167,2134,6301,2471,8772,3015,9316,2088,11404,2699,14103,2863,16966,Err:520,Err:520,791,Err:520,20719
39,1911,1980,3891,2005,5896,2098,7994,2552,8448,1942,10390,2381,12771,2891,15662,3722,19384,791,1346,20730
33,1904,1816,3720,1981,5701,2189,7890,2682,8383,1948,10331,2755,13086,3006,16092,3224,19316,793,1457,20773
38,2059,2149,4208,2173,6381,2090,8471,2539,8920,1996,10916,3100,14016,2881,16897,2693,19590,796,1265,20855
38,2134,2130,4264,2319,6583,2303,8886,2761,9344,2152,11496,2738,14234,2820,17054,2678,19732,799,1214,20946
38,1950,2001,3951,2207,6158,2434,8592,2895,9053,1786,10839,2875,13714,3140,16854,2944,19798,801,1177,20975
40,2062,2160,4222,2188,6410,2401,8811,2946,9356,2114,11470,2875,14345,2945,17290,2626,19916,802,1102,21018
37,1869,1920,3789,2253,6042,2423,8465,2921,8963,1936,10899,2875,13774,3180,16954,2901,19855,805,1239,21094
35,2116,2096,4212,2136,6348,2180,8528,2640,8988,1790,10778,2637,13415,3234,16649,3185,19834,806,1280,21114
38,2146,2281,4427,2289,6716,2375,9091,2897,9613,2139,11752,2819,14571,2847,17418,2580,19998,806,1128,21126
35,2093,1945,4038,2242,6280,2758,9038,3325,9605,2158,11763,2811,14574,2823,17397,2644,20041,808,1128,21169
40,2292,2282,4574,2290,6864,2644,9508,3168,10032,1963,11995,2674,14669,2720,17389,2667,20056,810,1174,21230
35,2064,2251,4315,2226,6541,2430,8971,2939,9480,1969,11449,2874,14323,3187,17510,2558,20068,810,1165,21233
31,2074,2226,4300,2307,6607,2731,9338,3291,9898,1977,11875,2669,14544,2797,17341,2817,20158,812,1111,21269
36,1919,2043,3962,2257,6219,2725,8944,3284,9503,2167,11670,2880,14550,2882,17432,2663,20095,812,1178,21273
39,1815,2244,4059,2625,6684,2639,9323,3193,9877,2110,11987,2749,14736,2903,17639,2553,20192,813,1110,21302
33,2169,2189,4358,2332,6690,2526,9216,3064,9754,2072,11826,2763,14589,2794,17383,2797,20180,813,1129,21309
36,2411,2591,5002,2195,7197,2471,9668,3104,10301,2039,12340,2531,14871,2651,17522,2626,20148,815,1206,21354
32,2035,1981,4016,1995,6011,2405,8416,2942,8953,2026,10979,3627,14606,2790,17396,2839,20235,815,1124,21359
36,2045,2147,4192,2421,6613,2580,9193,3076,9689,2331,12020,2953,14973,2923,17896,2508,20404,816,978,21382
32,1971,2028,3999,2134,6133,2201,8334,2684,8817,2065,10882,2977,13859,2938,16797,3388,20185,816,1209,21394
39,2117,2222,4339,2388,6727,2327,9054,2784,9511,2031,11542,3128,14670,2722,17392,2832,20224,816,1170,21394
32,1984,1966,3950,2112,6062,2446,8508,2919,8981,1998,10979,4040,15019,2914,17933,2524,20457,817,957,21414
32,2088,2191,4279,2061,6340,2269,8609,2756,9096,2033,11129,3013,14142,3187,17329,2828,20157,818,1267,21424
33,2161,2169,4330,2298,6628,2536,9164,3072,9700,2174,11874,2767,14641,3001,17642,2647,20289,818,1137,21426
39,2191,2319,4510,2377,6887,2558,9445,3250,10137,1972,12109,2627,14736,2887,17623,2762,20385,818,1055,21440
30,1826,1760,3586,2046,5632,2464,8096,3016,8648,2126,10774,3046,13820,3286,17106,3101,20207,819,1252,21459
35,1937,1959,3896,2280,6176,2698,8874,3232,9408,2021,11429,2867,14296,3033,17329,2895,20224,820,1261,21485
38,2053,2261,4314,2433,6747,2585,9332,3138,9885,2144,12029,2666,14695,2865,17560,2775,20335,820,1154,21489
31,1339,1457,2796,1661,4457,2015,6472,2398,6855,1824,8679,2747,11426,3509,14935,3574,18509,821,3005,21514
33,2337,2479,4816,2545,7361,2693,10054,3237,10598,2111,12709,2622,15331,2651,17982,2535,20517,822,1032,21549
39,2158,2169,4327,2162,6489,2436,8925,2943,9432,2026,11458,3359,14817,2840,17657,2738,20395,824,1199,21594
32,2485,2460,4945,2407,7352,2533,9885,3027,10379,1933,12312,2685,14997,2745,17742,2765,20507,826,1128,21635
30,1902,2123,4025,2396,6421,2747,9168,3285,9706,2108,11814,2795,14609,2987,17596,2904,20500,830,1237,21737
34,1864,2104,3968,2276,6244,2634,8878,3178,9422,2346,11768,3102,14870,2885,17755,2850,20605,835,1272,21877
30,1303,1298,2601,1393,3994,1699,5693,2254,6248,1712,7960,9528,17488,1879,19367,1665,21032,840,987,22019
30,2153,2209,4362,2310,6672,2399,9071,2939,9611,2001,11612,3676,15288,3093,18381,2979,21360,855,1046,22406
39,2041,2231,4272,2388,6660,2597,9257,3178,9838,2323,12161,3167,15328,3146,18474,2834,21308,861,1257,22565
33,2303,2611,4914,2500,7414,2728,10142,3462,10876,2563,13439,3011,16450,2912,19362,2953,22315,911,1553,23868
32,1255,1276,2531,1400,3931,1624,5555,1992,5923,1491,7414,2617,10031,10720,20751,2491,23242,932,1192,24434
30,1390,1450,2840,1709,4549,2509,7058,3272,7821,3097,10918,5263,16181,3529,19710,3538,23248,944,1482,24730
